527022
374955
502417
376461
685465
71527
939051
941620
187114
73087
941392
48007
621644
262993
849641
990776
378697
5717
335298
381502
578371
123416
619317
755720
913528
409287
365182
793060
704506
460322
821765
810810
874885
351135
888539
729349
249779
901676
219142
653681
259221
847953
232941
243675
66649
124312
811098
345050
855882
821130
248565
753902
338544
886035
123223
806934
41998
239388
843482
449055
632256
449087
192591
504459
819211
142775
264121
253858
773377
684726
687361
516600
81463
501533
488356
230249
286782
338767
402773
565033
705909
865913
377985
536685
777916
943437
590433
988838
824180
322813
828088
426715
100277
713105
286396
240645
666099
830361
448335
480807
963935
396859
240623
120587
64565
773198
297027
789274
254292
340378
778955
978212
839687
738181
48590
768356
639955
808546
938835
82838
781157
816974
893776
266937
802861
584615
192235
827194
131116
301168
861135
784812
413295
158031
249593
782259
391743
924102
789328
61953
39090
461788
545139
313948
122337
353742
782925
899397
758392
56999
854654
813016
977170
242115
817195
490597
321626
140424
321712
866847
896498
882281
776510
831370
426257
904526
672875
670897
528984
79366
528141
84484
509016
572024
524643
565369
561688
760198
905915
823447
786718
158510
268072
26380
659417
106036
469977
522201
493041
411031
618384
773308
903385
855370
774133
261829
855934
11861
642488
509794
404723
185866
434537
274351
263495
184488
412887
48025
431612
392265
973536
826463
540895
103623
456007
620474
718320
965647
817476
577774
425290
400983
337931
756053
239798
688074
675195
881072
633887
365736
414759
270758
181589
762125
71142
755711
914919
494990
9886
760071
77811
722674
296718
772646
590290
714157
570965
611823
716000
974729
769139
363651
852636
224690
697784
142236
835398
15635
659807
219043
424605
370139
835578
811954
935699
108868
197149
504333
421175
452323
743929
562689
706879
466345
41844
490493
233928
937742
763568
960775
899748
297041
364889
9704
493944
481950
138776
836721
579341
961374
202107
840016
827661
410318
166877
439136
5567
780169
492829
891330
433435
821690
14211
52034
367110
918437
933275
470154
298426
608186
883973
399135
848090
980950
94252
519242
712457
188597
65218
433791
29573
763978
488469
58580
743355
330751
584694
741283
18710
240681
165056
918419
610237
743454
538789
83464
473075
647928
948523
401606
898887
990055
49059
795770
208318
182543
919855
581277
602767
228139
469686
571041
505159
583043
994898
901707
440554
816810
473869
686534
592556
792019
482177
486845
265125
863968
718121
961401
762095
20541
60425
997734
24168
812508
486883
930397
398584
161788
597413
275033
309964
364571
832510
860075
457904
210157
306606
979340
831987
363944
955793
671476
388077
817410
425484
845520
600707
779411
6220
681888
603732
183711
545526
950172
833089
319063
71915
349796
303088
359278
378087
108895
236126
114928
66448
292814
308124
23511
255978
46687
851973
591372
888499
275478
396976
804186
504808
781262
602801
773202
847169
386564
233693
869390
47113
543022
526213
37657
322909
401375
246049
81592
785850
80689
318137
509695
806220
528072
403164
960610
812986
235566
759648
447678
940497
781865
232012
656333
784540
593710
153661
141196
19266
183815
917858
951663
675035
268903
849934
994384
330838
629342
780223
156019
837973
843885
586217
433647
285806
748317
509353
732125
118401
333653
428909
590260
356633
701385
579815
970884
424847
271386
106532
168525
491043
926224
324263
99525
575651
924630
227184
752832
364673
83911
724431
152492
107460
779585
416054
227133
85719
120853
903161
827862
770045
92217
805683
95297
709988
170877
576433
505487
797742
722248
84883
174087
956769
26052
109854
877646
887676
972915
957419
154155
740140
402055
354797
992674
377007
178436
588367
224426
646403
617835
385190
7467
874960
746760
336665
136207
917368
536209
732947
605870
735380
258940
670413
860537
73088
112104
393338
451901
61912
660752
162043
659844
609910
109404
513626
957208
319134
301664
974180
688871
89185
633722
226688
695995
532338
140063
625007
114331
738725
973849
148068
160713
833947
803616
457685
744441
520886
100248
758132
544820
760357
901861
923962
106799
970360
854330
403155
755667
793196
170246
765429
374668
396801
899440
894957
552649
888323
565236
977862
848957
433066
478601
362822
942187
176256
754261
284650
788598
583376
780845
32063
32836
589671
336118
365840
354833
143730
291176
107371
73936
805832
912382
624242
414883
182403
934943
309347
343226
279917
79066
693165
161967
881020
716919
25475
587861
448098
512381
142491
93246
933227
6572
693933
761781
352422
785098
967708
914610
186265
573612
387945
599689
738191
531452
226068
197524
811943
176315
600594
642793
673971
894739
521138
797807
34502
963303
253225
457288
325563
311032
389957
380511
500968
972974
349763
877221
779172
116696
705281
145760
408754
492842
286344
574339
717406
722390
788116
116806
160284
410482
161388
276719
710257
250453
638240
318965
147215
140378
886421
255029
261579
961217
759287
106207
690462
458918
877216
730870
689327
491085
928492
859380
587198
908965
908686
120174
190969
411501
314328
782532
680558
288935
286558
21095
286529
558661
525534
910149
103819
75850
944829
703746
28283
29515
529934
607069
121267
677412
899180
918971
713406
838931
627966
391290
193912
382653
598351
366391
414626
367259
920886
277671
726578
851893
400575
168472
149300
138735
4896
87778
325577
794046
896043
793684
787037
309503
96274
395311
269015
85591
684021
501208
374879
668528
493578
942644
326671
612633
518454
308827
775794
513302
373284
587226
976731
560668
798726
711028
976723
973575
428962
734833
672947
14517
760970
903819
831170
311312
337032
122931
750596
998707
947598
515471
46877
998438
911146
616588
216982
83977
776819
609267
871456
885797
455381
302269
400663
158650
971273
919293
784039
247597
758435
18299
106371
601851
466851
550346
731859
785936
130162
430530
781661
580151
167523
829127
646893
467507
531146
860421
686812
848536
128196
313682
651832
131450
426036
627030
382081
322132
205455
477911
230207
196526
250323
624366
31847
886851
883227
467830
708565
904737
162534
400865
575404
185883
530591
531105
591910
397699
41478
758772
835433
201674
999262
454139
2054
486641
3640
323215
79838
162836
538990
848199
779196
735058
656420
433412
272376
237365
907095
590916
654755
954870
371825
457207
88895
337192
234983
477856
167620
808272
405746
463957
72377
17904
596135
731146
978228
32203
612959
674563
791073
158846
925361
300080
652217
910697
392305
659364
538065
936283
559802
796871
369741
755734
909178
828771
208010
764039
809192
214578
69738
103331
560603
411501
598572
978307
361291
370813
172495
793523
954431
296589
671811
699237
57284
124011
457888
520829
787757
400421
818665
270207
725884
652823
704372
594589
705802
145462
507380
540309
334394
1067
294920
203597
60828
523985
940657
104981
893585
602817
127586
477654
540806
33821
785017
169864
592675
524334
790416
107397
851055
924681
671575
896617
