86461
365901
366502
460134
893900
10392
912490
29596
836700
209261
206704
556611
881997
398797
445004
325534
165829
603149
352857
932441
906790
653011
797889
227844
764093
105615
387949
598621
314383
633709
205041
813830
925049
523771
105759
297464
203148
39365
322306
828478
593173
864331
833570
997648
304302
474527
645437
861968
393665
257201
91528
648339
846103
860173
46696
454639
430364
684415
810121
487039
755149
782445
183229
109500
407424
324855
72925
61093
562763
704664
856599
41010
880572
320901
471672
124975
94026
224193
326699
50441
283502
494606
612537
41926
41960
187247
144149
213452
519001
140818
932502
713931
309984
215913
342809
70241
109479
557463
612212
503126
158438
590707
268028
578721
554202
359716
30937
551108
911090
447243
650976
149661
25493
773051
756221
304794
586410
690582
963079
561850
231695
427600
865302
284661
605902
368357
478435
561530
777723
592563
655537
851131
912092
59532
111969
823557
83938
700662
528823
39125
861710
363066
614338
623283
212933
345951
514231
475913
879166
410949
89724
80223
844088
384781
57587
890737
694976
860444
971696
424603
2251
661991
723929
551281
535566
510849
688107
670704
853629
461013
339179
650875
73930
177929
883907
324004
975545
735374
241700
825589
238730
503264
202445
321995
985488
581597
901178
783297
946207
296651
245788
133333
304160
547708
489787
744776
818389
645712
239743
154198
742858
706029
660499
435436
181481
508527
959568
272854
939440
947049
172563
547319
806135
894929
766886
270394
35027
769171
434166
71373
820261
372168
632094
620766
335152
194830
998830
505229
344021
593904
832881
721054
996522
987474
607735
311994
26851
645243
580374
210171
463112
962678
932809
23601
668024
859204
153063
748903
693516
258138
21145
681784
834927
375645
548763
201759
702155
498622
984577
217634
672281
462044
197166
782134
278754
724000
824262
599977
173072
549764
629152
515481
280184
194247
745442
388610
931476
958960
243292
569031
463616
138765
333302
749489
174243
68868
144393
759780
778521
349177
49953
136830
136017
564641
812130
92023
157193
469612
408925
955214
204222
215594
110887
618827
527838
145420
230017
148045
77390
219917
134823
156870
575234
845148
652288
458703
108801
410171
74088
545929
676446
916992
302951
570156
570066
861392
92644
657453
505618
995710
998433
62813
244151
398685
196776
942796
740180
578175
419402
875087
54567
821784
667537
875025
352306
240751
705077
68157
382269
412336
600967
598890
844270
327933
988084
979188
59662
874930
39425
139497
596301
258986
799915
464115
262775
713845
49494
996308
714143
396566
100976
882290
719847
67354
337458
750646
404229
215275
835785
868041
379356
769559
410591
24586
104967
813043
31457
166800
229777
750475
110546
130072
906898
938647
796666
608280
927718
280529
724042
117463
778410
378810
602684
999649
711904
300301
726999
886384
57138
450641
620492
416996
376800
188490
178338
912503
200410
799682
124856
659498
550560
59313
377583
675008
929284
66298
819881
209458
429302
364992
101816
363894
549028
47740
323596
320401
53723
277559
129184
432582
463996
770527
994557
381575
482598
690848
780902
572759
428440
438687
749119
270340
733182
911304
775665
525217
709774
682271
571773
204099
228656
939141
417320
783995
523275
641015
216823
546047
512325
557129
264224
237804
769647
419036
621923
275342
788074
620562
816812
118164
935
698038
923468
485581
956613
248002
257685
945817
71080
499134
506218
337972
967284
495087
558452
17831
6147
438186
182238
262717
68201
500689
715107
634928
515091
807229
77299
585755
61821
880379
522448
170493
689224
980813
963890
325803
775162
374145
347814
548329
793292
204404
755926
305319
845712
101737
332320
625938
703836
463393
350634
311333
367357
273725
890091
304439
229476
117470
848326
749901
869791
71852
724771
812627
59910
919891
91334
171349
249964
841635
589554
857208
46018
693958
904037
672688
144973
696247
503006
824602
44068
330164
148422
256496
955078
497249
881049
652005
207492
778061
948932
473587
436579
919796
501713
44123
103164
373847
504646
733510
289459
374280
288393
684211
842804
245591
850690
221920
18870
233836
356951
70646
501245
393368
375224
768936
265024
768868
705647
116971
696610
297074
693432
145422
413711
366416
631201
821760
502462
191502
700790
193481
394970
207274
350606
143625
805609
931126
237326
510371
955569
245609
682300
267247
19124
986964
446276
722813
695752
997374
916009
805966
766853
288189
148588
403655
11733
338590
32246
442536
899821
191020
247729
247114
76717
894928
278343
970445
307757
104857
692184
757543
111923
461508
497182
945190
305469
129040
965441
354124
658490
269042
303357
698337
646926
223985
30938
628389
91197
345613
68798
473286
744677
324395
675355
477614
53714
607541
424918
689382
958191
542151
266327
370980
865852
829780
610005
414765
158795
336714
567901
605480
627939
237040
120231
908951
843149
391686
948272
313735
194818
767930
121478
533288
986842
298944
299169
665630
913238
345652
967326
125368
75833
513628
138652
248145
752137
887042
167081
609198
364383
410601
860265
93310
901979
681738
212887
556621
129627
143404
574978
530227
910426
729575
251785
616947
477120
4387
887278
388924
660620
111355
582733
751800
140738
481415
492452
529168
55846
417942
62874
865669
546196
764221
574345
495715
745584
993119
565713
861750
650698
775272
158069
273914
853009
111850
62568
548834
692028
452531
47437
494138
211476
501405
982626
482252
908487
419700
986375
546958
348462
109816
459607
144404
363932
212944
954346
265789
346860
446092
757970
914178
855243
630205
252780
319227
831350
96547
454577
926178
911660
622111
823500
464173
419954
320497
137286
326944
202588
785362
968850
403321
270990
230429
172520
806035
398628
3662
119715
875580
227783
203785
391037
332424
456579
23417
980243
35118
720033
932431
855457
662981
519662
76868
720375
625783
457449
808017
38402
305375
157630
760377
538521
619089
683770
704202
659716
685429
755667
410989
612089
123547
455434
936101
798663
372507
618257
302230
900524
786385
885041
270429
768838
455907
979061
193269
903307
92919
974995
220923
948905
909047
514609
269187
661349
433776
287416
699781
750967
245220
232796
120956
957403
251731
582623
955183
479185
44031
259684
849591
219782
724828
312878
154037
258106
673315
917790
801563
881950
139554
709719
503775
250496
971480
517862
197681
836918
342111
476749
175213
667845
540111
347603
349418
478282
35312
266989
581156
87074
636395
892424
870375
420307
628617
632974
828939
643659
783163
169291
494419
281387
655328
618986
644938
5536
93159
115571
988170
863136
863278
19588
983180
794998
167363
536706
488708
235401
943427
137221
140338
327757
577769
659386
413676
538740
765411
110975
301483
886184
634782
96696
538813
866510
771650
411893
588748
328754
952634
148424
268443
786007
542287
198429
172721
410450
592325
304869
981190
779677
419986
802375
315196
651195
879365
672464
229863
174240
939913
113771
69534
514157
511763
333288
187045
181457
728668
456539
484037
865728
781961
526728
304476
636976
563636
107678
285328
344639
569638
468943
161225
846542
206252
153058
591100
886990
984258
518104
321702
952194
942043
798352
500601
447427
71995
115238
190860
129949
99221
995428
834753
450752
29419
974107
261326
872662
810220
643863
594268
803630
200189
809586
217983
638628
377444
140891
345037
626083
837815
405882
300301
613549
222461
200104
21142
475865
323652
246163
504552
581530
772025
259156
269800
612578
909982
130924
607485
581579
254753
266818
46091
104493
291879
966965
867767
721588
192337
449474
890102
758636
142659
735069
438338
785895
800504
25612
898554
985902
305390
557950
76864
681760
414169
668482
429808
870683
629426
236073
589334
58104
516770
371407
125412
906285
56439
887164
549113
153679
690680
535415
847116
316239
246107
450857
435867
89017
172705
621676
448138
815934
536136
331965
400377
672777
627662
590657
581504
585743
702496
58816
927458
266046
293427
503172
333378
23379
862947
63087
302569
777836
485274
675550
527631
497347
801746
721300
87027
788284
625710
672359
220094
924182
565658
706302
620171
957653
484109
120968
356278
724795
829593
451693
671084
81963
991572
27134
91619
245526
722863
797417
892645
617743
555280
796563
563630
413566
985490
207451
391315
697896
938693
194173
924817
371144
344717
313844
484256
228296
75883
386960
25733
38910
774809
389153
397819
774953
633812
764364
807656
234479
981988
714005
185514
138294
82748
520632
531624
128172
965767
420667
100612
563318
404843
468761
155255
135396
33741
902261
509054
172694
819511
959213
474883
920410
919555
52531
425235
876119
441307
576880
948205
749523
451809
821244
140426
681161
483092
244272
503876
74061
490093
882220
154267
949592
449237
831042
162243
546426
579407
116863
261628
893085
527348
294916
801752
230639
682035
624033
98191
991512
263178
56564
948305
999805
341751
155676
188962
204660
353263
387461
799973
333394
49752
241747
857974
580280
616950
353442
208088
567626
913075
772873
983358
339313
309469
376266
940134
734111
731889
373611
131098
173381
358550
289848
384424
525413
512010
278755
913051
699040
384570
908425
487726
184148
83062
964921
704852
495621
39590
810998
429152
154992
1882
746430
861923
304421
297375
376751
685312
232286
880142
635823
908068
900325
816038
70428
820527
694010
243874
571325
232449
458281
41233
738784
114897
85377
976032
469866
88633
693921
228970
617403
847501
21641
75630
710086
694120
353949
559765
443757
956412
79856
250516
445239
457182
229733
510328
808071
441215
575383
992263
822889
31361
135127
880456
294168
141137
97586
319833
748423
730479
230195
722320
109152
744578
384372
439008
87222
832089
891657
632593
955554
378300
950228
653069
936171
28796
873778
78688
262297
675427
20927
320524
484660
933960
710683
190796
290196
944985
113874
667569
636420
799416
436394
153409
23508
808046
619199
11654
228804
870525
745377
741191
131818
775789
212013
141092
338362
590135
979839
768830
458011
225597
431849
785941
148056
969391
308658
836720
742145
671760
195121
887429
930340
382560
590745
129304
492731
842027
815182
372792
990709
510170
787221
652051
445099
539806
513497
820453
40945
608948
558277
515116
273457
244459
856437
701403
862940
998213
283411
136071
130736
442743
101012
172698
924352
702506
325214
185278
321324
193736
564739
810025
726639
689853
490283
126413
629720
747472
953903
946557
132771
568903
962203
613290
209065
409094
7958
503551
45573
620279
685519
293380
807038
364728
252956
713451
752664
680947
532919
435444
464244
762264
288153
34412
551347
823850
708426
974650
755937
906956
437616
864963
104110
127149
150677
966666
695776
904359
152667
746412
524091
312081
445804
519614
608530
341915
366613
163953
444318
604380
351293
546361
647898
441759
169867
994956
118365
466681
56014
236511
984379
159758
558665
997093
540199
459913
807030
735402
252491
447843
341643
450565
871571
513211
56989
447221
1019
617908
31709
459591
676571
586875
299600
846934
843673
238774
864606
206622
444858
633575
687582
122605
759442
970810
90551
872678
178501
605351
11664
246818
217156
129942
241717
528499
593261
128977
473500
76290
494842
379192
217748
522270
646233
23990
314245
548091
149445
582940
155415
374895
5376
513459
534183
284728
381608
224576
897427
618425
38699
895412
905711
334675
189596
374876
201505
660429
702356
147889
462639
213984
324209
373713
853567
309543
851291
735299
257873
946544
889657
265400
880236
604350
398731
176043
881978
799911
654203
584195
238834
380808
337946
121407
90667
552018
607851
305515
585773
259107
925384
387145
269323
781623
978474
93320
663280
191384
105496
604267
206049
601411
814568
31579
524681
148617
255707
334681
770430
200911
984907
943743
395893
640977
78622
89726
325480
633804
682799
796995
550343
492977
9666
862035
477240
305356
213381
360841
498068
18740
791319
450279
190883
545601
152038
892570
22118
468605
108106
904378
201995
200799
788103
950844
883061
707035
169304
635291
18966
301008
524091
47080
747705
557792
314347
329162
586663
106422
508018
843239
117021
580567
323945
770161
555676
303951
879974
165541
928893
511784
551571
221933
622745
478784
219301
585858
519293
405061
318663
441118
767140
107923
572731
182621
315086
799941
359570
538061
294337
21424
365625
573337
536992
588837
518301
526301
572266
383976
560124
546579
539372
543878
554185
690310
89202
794075
441602
754591
118925
524343
900500
519699
498839
970899
129693
214679
406178
195809
943883
88541
296053
711281
478957
463708
853765
942470
360700
981423
71472
282146
903387
49113
700147
392253
519088
356214
516231
940543
457646
605822
725984
290261
369799
371303
603845
69150
352037
208023
577819
29790
47762
732060
340594
60008
549293
62946
748484
212979
866466
872319
658348
64082
642909
801404
857749
217344
240428
391625
279982
180369
505781
257635
883737
231463
631112
635393
507408
233175
750477
941020
412280
545629
725010
591317
669058
447386
333171
590954
448340
847996
536204
163084
27536
108540
603171
589619
38452
106332
407129
767676
471056
836214
449234
509162
234257
570384
330603
771427
195307
230860
555737
151921
288530
453736
153056
329041
262489
5185
554894
510646
512072
401805
232231
471289
566826
302469
598352
390735
491000
192041
600034
790858
850364
401136
347874
803749
749553
721719
529840
18726
642789
123988
46617
569353
227928
610787
216196
208245
757895
526956
439432
98360
156956
330775
871379
723579
936278
433140
960458
918613
828186
642970
277602
432165
530155
52460
80718
776916
153726
623301
390343
621749
548442
223576
599484
585685
784067
427437
29935
268874
270098
264900
891522
375413
659923
295263
295515
631321
341217
432815
674452
296761
667161
631770
467279
614742
431122
972195
134342
46641
845890
493328
792507
676693
492134
247080
290637
569809
94717
539207
6578
51174
476870
935716
897646
807488
272137
194673
620690
942154
202629
707232
907478
257838
788504
701745
433740
100046
185689
503197
591492
679865
617235
570165
817718
57672
139850
895818
109041
169010
762145
643604
167241
107337
775181
251210
686134
794961
923401
80563
776743
682100
317138
202464
336270
946547
56574
260801
611240
487874
852606
698773
763633
701701
199620
386374
922171
910962
489886
426794
388262
347749
660455
739340
976116
399002
781301
977318
646391
291366
84781
150620
920690
330843
372585
719649
165591
938353
391403
965955
268688
1171
397611
168540
80254
435350
496284
537491
812273
39034
905808
461520
547966
814745
468383
410725
624805
880651
936074
908058
259641
884233
172652
589012
278954
487289
410378
797226
270666
990349
684146
423081
611418
553119
8634
231038
80358
215266
816496
760441
931320
679160
146105
565818
691439
867245
228466
982999
990744
359007
650429
278331
470115
799296
549312
673427
232854
466904
6602
47470
960311
120056
240431
362643
65723
791924
542753
586741
299136
101196
273598
519349
69462
533834
339762
642692
653865
990038
194663
899884
46033
741645
604729
249545
85437
923227
230224
618208
739998
883599
611114
49851
904549
316382
967727
257076
183088
607908
357819
252550
920523
216659
351086
637081
990574
474572
102069
737968
786220
294785
701551
329023
736314
173238
777206
958917
130757
987017
214124
556321
939686
266604
860500
735989
264142
489519
642640
947398
456156
302946
367473
63663
376256
790136
393138
620987
960064
815345
239007
992526
555108
894839
717676
22424
83744
734949
529494
172767
389618
47972
77032
85349
948928
126981
513379
658650
897951
4496
459718
313798
390463
22408
963846
72123
596741
219937
222151
382877
579372
832137
737016
189367
810406
405653
383468
720534
588053
827196
885654
919769
146691
121491
973262
176192
70641
364550
299375
715891
641979
146778
63264
377905
621921
158745
734706
585525
7656
57424
634554
686643
900675
578482
765375
760808
649272
3402
607407
52766
608281
217426
351516
636906
953709
122540
278929
928202
534867
669079
127802
360426
321369
884718
485543
615887
831287
879876
758933
74500
192048
771693
152144
128806
456853
776629
345767
604998
865857
176881
92511
133232
177947
208105
767729
195097
58100
302512
691881
877559
501202
578949
735589
634036
933340
509574
927602
354209
655687
604563
511077
455395
319164
724142
567996
649438
958050
886634
608331
674138
53614
584092
834606
811244
845432
92704
426083
38620
965776
887498
562649
486271
845945
571306
706473
95812
841592
536053
761585
329924
560550
270543
17634
35426
644552
889365
776656
910241
790455
178484
368048
582173
304873
750366
202005
985202
480409
155829
683386
966371
460163
739965
54856
107301
226251
872929
62289
545229
676899
483756
317205
436407
471989
663402
551873
490808
894982
236032
884616
556826
637232
146498
912103
871326
674868
340388
33954
777963
824140
332063
201448
496140
849111
163577
171987
110184
682768
248726
99945
454970
484996
957299
34691
165028
614618
757600
709487
28573
728734
700093
295861
471986
280167
473814
676854
760730
631882
439069
56773
94616
760676
396061
150345
754017
156203
816494
990976
731175
701616
846794
328919
981455
711400
84669
870936
229013
610100
611576
213027
657342
693522
592159
919905
260070
264467
255661
301703
864020
374319
616279
472812
275442
333058
280454
976872
941367
774092
639412
589995
134902
763336
169652
223301
380457
794517
71408
296530
108515
932363
863941
184372
506854
101127
286597
983
883854
448476
490456
382091
930187
890141
820257
911078
299677
56852
958630
686584
103568
316347
191894
75118
994913
678072
813810
546493
74635
99342
902761
763931
222147
269788
249615
627993
766503
120107
130870
958971
79523
331841
281443
445791
496929
921645
819599
372026
160070
183233
790406
105730
763002
206372
259616
583502
704991
326661
646601
975965
83071
942872
223035
30483
243257
525599
617191
426207
294193
461844
471095
670831
253864
86122
218258
629506
6788
701814
946195
985228
678880
334237
782615
243123
430487
228921
624140
548616
471741
171362
247204
329180
782501
633692
414623
900397
714281
568969
841496
735892
678616
860658
728625
23368
986329
588711
873975
151341
317087
714075
876749
181774
262918
109904
794554
231131
997593
640740
807036
385255
177164
303854
213591
78926
576944
600358
69525
643446
871083
66920
238809
322316
468017
790137
306754
529110
26893
266914
157095
364758
608471
843541
108912
139106
76858
370105
874341
341046
838085
50601
952158
989881
970735
596968
943732
825865
7783
504886
510522
874993
996894
578481
226856
169840
924250
475206
196364
627470
918795
260890
135656
342954
571194
946854
5854
340676
475532
604117
507725
611998
935190
607682
856194
587383
189201
557632
978854
417363
227110
953711
974144
871042
187954
302714
436825
166220
148546
477190
190574
750155
224780
896897
653833
613436
880283
412229
739203
450528
338135
643606
742799
332337
163752
982466
274564
821383
5564
414375
433735
409854
146666
63521
748627
585833
801548
582225
332138
995571
937892
958744
143031
97964
307581
186260
992525
398180
19033
247409
176849
789238
110274
418638
894632
670067
924519
802739
10363
443126
604731
850875
253095
742363
780666
164733
221422
83916
660164
314711
931346
514911
675876
579644
57150
551458
956453
874832
634218
819568
921390
230721
846010
434260
633300
511308
905918
167962
229979
573931
113321
375614
80894
63889
253533
523253
51106
266018
561690
284531
994651
221278
615650
82475
439779
659254
941691
598230
672035
316202
900508
902242
155636
117274
721560
565219
56926
299284
425084
18607
832685
865265
73882
631917
15635
409873
614398
593657
904273
38898
86563
364789
585589
44502
840806
908926
971428
447267
20848
611433
187447
634482
341799
146760
94893
648748
669555
131358
450540
253316
319876
866696
105980
878535
73278
265952
430292
323954
921994
925049
294275
475114
418585
599402
613059
389202
177876
56206
474702
210602
39095
866490
609324
452285
922824
707342
146391
824125
211957
745600
952158
944563
37910
573360
387220
620660
104076
496488
449236
248414
262404
212289
317518
798231
197407
170143
212170
566506
620889
965228
636340
827624
970144
67609
237116
206673
167499
892686
465018
914740
194360
181441
832040
758897
691820
277632
118348
355728
274481
419784
786696
241806
910456
688611
638682
460061
207971
290562
4135
866080
310640
812481
962959
168332
573747
962373
732122
82818
651294
440938
541910
993053
224096
173436
989799
410299
673529
195064
424866
133065
34770
637586
19912
455912
320142
193839
885493
981305
60921
379753
497984
549299
691707
421631
787420
233580
774015
600346
679195
384455
350408
673451
682925
438320
132759
472403
182309
983336
73755
875515
588381
914420
252730
46424
602736
930907
224930
42570
908225
668021
174893
477197
583796
790274
825785
908111
525592
960962
335858
909011
169583
968541
288651
239178
606942
167041
446488
714027
451730
738703
965022
147041
676849
855122
95935
885877
297878
256656
632872
273649
344882
256610
406730
648941
287814
115253
256190
675436
537312
978802
161598
229212
889505
940695
984989
492040
289668
896149
983709
64032
691726
471191
113403
640441
387712
110109
206857
556893
599868
192519
602828
468923
789388
561332
947090
556736
323620
723511
472719
714667
35047
43677
712108
165540
327081
501003
818642
995181
816739
238238
450458
88594
201009
236238
766208
869537
376658
879363
304020
367281
78071
534159
745581
80340
419951
872238
156283
399986
905661
318359
624973
229235
594807
407215
732502
560526
270097
59300
503210
722379
224263
401264
834381
188093
127675
859891
209644
686773
910684
332255
908750
345461
7799
397016
564558
440946
662466
355758
965017
190301
338711
782263
255887
380467
14547
860101
381377
663206
37742
317332
5447
914778
552452
666296
145314
13921
697235
566026
145184
982526
183708
45281
357117
311579
651648
941340
848569
285226
601963
615549
129358
951114
31076
494970
69640
624368
571192
757805
788446
484947
290604
387973
563375
535645
343030
985788
737392
527494
604802
206000
251626
743889
977297
28420
920736
456983
545261
139131
666215
539376
981077
308962
649347
983669
779396
49221
733495
812380
615830
812044
53373
831328
380843
623231
529199
158569
57064
619493
64378
276633
754251
375548
111066
114909
878490
357802
534922
890037
890139
142945
64439
128067
440901
781739
365407
131737
363477
262562
427753
567466
921330
900156
886098
437942
402153
328888
270603
473771
307166
213489
662311
955243
391603
464491
445023
319162
504957
300435
802558
196471
206561
843943
317833
632798
584482
750068
476576
624701
114374
921127
105443
133725
964868
614702
768997
482886
459891
997685
379283
776197
433015
546825
707387
445031
337354
230644
681887
762074
771435
188698
673862
833299
298955
954396
97928
614616
595999
778742
893332
781522
77680
745338
281191
211122
333602
476675
446426
432356
274948
166000
64424
991357
953215
584713
59779
791234
347222
997733
793018
809809
795242
428326
450446
633376
584736
493258
972060
274435
592062
351723
361260
802711
74418
445289
91886
395171
636798
798415
881387
782610
890012
255085
770203
775712
697287
476235
269870
6466
175015
413799
784701
7327
462173
955352
750842
573914
93894
843613
961704
21355
445542
332131
717565
84876
531412
33138
913526
918857
989811
52194
868938
85887
443772
259930
507708
598362
769644
863485
225489
373193
261067
498073
145515
917377
340565
138758
638191
121771
725249
303718
613929
927065
830651
672666
800190
803750
889858
347202
432776
354489
833337
78242
751014
481149
226903
860542
148323
813120
626728
158215
72859
706193
936346
653019
927587
593859
102648
733943
716098
745605
679958
980768
400492
132032
880033
489732
735885
18429
541172
92131
951128
320710
981058
458982
514240
205057
149837
397143
910278
284622
206674
473614
560989
559850
849115
458317
678714
668952
435495
684409
289748
829339
562889
752136
735935
652454
241607
276921
999536
178958
622980
450380
424779
172826
685987
197597
876307
239919
549586
367074
203859
865415
84473
659941
992799
176089
733996
103834
318038
590737
410384
735223
881603
403452
426304
760253
931070
231478
155734
859444
611854
222644
176098
444960
13735
166195
784919
376751
419901
975743
310951
184244
603333
819487
500853
83675
733062
272165
665601
609506
954947
302152
728677
3893
295923
673953
540097
702510
698798
585510
963607
100331
431823
828850
528928
192491
754311
417098
8852
322065
688808
394660
396415
321335
577472
152024
331966
842657
153313
48924
389596
147517
189624
271842
913139
914505
618624
463789
962771
191157
704854
968069
280370
99937
398215
985962
6535
798170
663271
612326
537291
735300
994257
758854
706877
292026
520988
739145
714973
697485
574771
551372
43925
616897
786104
601437
917310
611410
627605
604302
899827
515150
511209
360581
183780
803648
207954
128919
652402
279487
54778
410625
164579
728812
196465
675062
759949
828043
313700
732160
422657
248689
718250
159719
644974
548430
598953
34786
674260
615699
476944
239373
659591
991438
354479
1531
946651
367762
373194
459653
224771
910374
520428
237009
690165
855067
361554
454468
842956
57847
825402
193998
482945
47667
720324
334876
394092
523663
213256
525455
854565
826353
148072
915237
963634
311731
14256
552416
256919
149562
409400
899891
301742
892768
130002
427059
8695
221220
989411
920532
372239
655786
86537
657564
89610
634175
477984
142882
348248
546658
138005
236792
130542
419658
924662
338442
427195
303757
951940
47215
649898
710470
506704
509174
659361
501247
620594
629348
976895
76667
517711
784812
40581
953013
13952
928075
369501
849018
512775
291073
582009
926873
680126
645556
964431
601297
605952
511367
336608
911344
47371
167217
556455
819657
201076
486242
798720
568630
443940
442856
413803
829063
415920
865177
617968
681836
511076
635907
416708
332589
694850
426228
795503
567614
830631
580378
359664
421222
519574
74909
519777
630982
25804
919508
871490
6085
952782
82204
297729
613081
52337
976788
338062
423847
57742
611113
497697
549637
4846
665095
708988
232880
808897
159767
666991
227021
594969
981500
825090
698560
234233
205394
333294
530874
486074
94894
236293
855917
222252
832576
212124
865218
305281
597375
454259
366379
66467
530787
499761
562148
287488
742412
256911
273837
164119
479954
351086
676115
287691
508351
114923
788892
373339
289794
460404
463918
113617
128707
971292
919650
457108
422115
947946
12918
694974
871307
341142
763349
773670
353218
811970
321825
844640
919358
924441
780545
509872
636332
158068
850060
266828
842191
266507
644108
424358
561506
599446
849713
953948
207713
321938
996040
927839
159702
44159
400892
882000
495814
25770
49229
966642
592019
490444
299266
171155
210645
492792
306748
994964
563660
802497
78224
851324
807962
925081
219905
8790
873949
515100
958093
670997
375157
779799
570083
900118
536068
218871
540092
422120
234317
790816
171513
441535
383815
978727
118073
404089
266927
891727
430642
975452
70725
858885
859931
335690
284293
159862
626026
893875
377051
660877
208520
23106
543341
95956
779809
781041
19128
888227
923250
362515
891830
917200
541725
507488
126018
340559
217450
517983
925826
687146
32203
410614
81907
152740
323295
529404
478126
589569
290903
922774
205270
305862
148203
201508
753932
521115
654469
879805
949960
900662
355080
502655
802341
430229
264843
128962
107222
652656
534799
983764
845561
61748
216108
627757
274533
53260
53851
706515
522396
840489
1323
544840
494730
465031
861350
303266
963045
907745
423156
780626
233356
7394
787339
323133
569404
752470
73242
585325
940768
21860
217550
370120
763741
561354
65912
602670
365167
55852
382599
152369
201446
232780
728844
434962
836944
103067
859428
176930
156574
62617
774076
633051
794948
421369
773871
319670
269222
641468
868383
77820
521556
199193
465935
996311
470640
280398
336176
402477
238469
513546
234174
491565
138774
836112
811966
966582
779262
116145
348228
65282
320235
594584
599463
525393
975238
220307
357601
984809
725034
225667
681079
140801
750904
249407
945360
631132
979840
573558
404874
595951
451772
567640
26677
518350
64600
882028
276866
813508
351661
518259
176065
564102
53906
604220
745241
110924
640914
455063
289993
944976
515871
109613
238695
744357
169542
880159
288000
123211
8859
63890
539162
713121
317800
841435
453863
394381
140755
451689
50430
197291
690847
45738
732592
966791
661295
759905
430850
670765
390713
49354
426293
95898
391851
16281
64661
175430
602902
450411
335794
357667
332066
396400
783991
216520
952775
62278
23837
179070
247721
461298
119877
484837
247719
85447
187582
448299
958648
314649
326684
519125
550409
356867
877073
977430
585703
275888
874847
634761
131335
212051
945811
648046
449462
340827
619991
154920
882807
918004
334223
845983
116436
335670
779444
181012
409587
10493
90839
229874
342099
412487
293234
864722
496548
762286
839553
654750
727773
808052
192509
322343
81657
528197
617986
664479
501767
970741
236221
976438
718534
374690
760060
769670
878987
281196
961639
101010
194920
197001
53886
144760
491466
10782
384020
471737
109914
181642
734101
360327
826136
443627
253643
173117
759968
714780
55244
921521
426260
451361
199425
747203
21861
456112
919199
176921
922601
730155
614489
83434
376219
49655
218077
214927
45946
311721
843238
911794
848844
694677
271371
105635
602322
270304
512274
627562
886310
522621
485402
506173
833799
319828
731223
838774
296246
270689
820630
870367
383846
176558
532196
219659
232270
670194
227638
698230
810209
417899
58446
734856
923311
450809
810001
374309
278130
736935
383656
81826
943908
581111
954832
804333
14779
496524
723486
63232
67767
876910
696963
922537
571965
724949
339022
637563
25675
314608
285796
955762
567387
718660
39540
689620
836178
730550
916803
370665
535801
313350
208895
738441
761611
125107
834085
106820
259289
351019
158189
271689
248958
637878
647113
958950
648736
744447
467424
679992
411135
150607
718844
673757
963073
921804
942427
23247
661721
462332
241724
785420
756792
449193
135482
498052
756229
871732
230477
895035
153610
321667
896132
936410
864939
665113
632639
537146
385974
620016
369015
673103
903190
815673
285391
324886
407180
791148
689020
746456
63153
140441
101545
939991
342582
450202
120711
7031
750745
587239
769351
336585
196971
286031
118518
215920
616630
634624
350435
640718
269512
131194
101824
965777
69116
623918
513295
577335
528125
96003
840430
996402
359310
706982
181423
555059
505327
210269
151952
287931
458660
321855
286688
670828
908756
971709
935914
487727
922620
651369
916643
344360
934188
496563
971344
123867
410913
782717
594146
159403
3374
225542
892488
793415
274357
577565
896805
617551
60264
228201
839673
363707
432330
381432
465267
424347
645863
586267
71392
611306
473682
31115
575883
613659
498154
913270
875677
336196
247811
50616
457611
169499
705011
355348
707730
897666
28018
439421
381742
962761
299852
900093
749739
658634
114938
222403
901262
88907
714790
684558
658364
161166
17554
551322
54039
265518
670187
530787
232735
377886
546078
826866
254313
86645
588573
830466
195312
998142
63237
650716
736091
928102
886713
706562
326061
442250
235293
662635
662121
503678
307445
215968
188277
909703
484359
870104
891143
307615
623190
914834
699540
835156
900962
238442
154724
583002
268616
808441
275372
875578
3676
277608
349463
538864
24700
519484
114178
907970
798470
844432
162901
710465
370968
569956
826145
302154
402320
392702
961357
36282
331750
585597
608870
615022
355482
878173
740352
90096
495139
599386
993636
28044
435399
69585
222099
648885
455393
666131
193796
763662
605210
149431
267989
989238
742276
690226
107348
846055
368083
819647
291567
990640
692479
614688
922293
53856
959789
879146
114617
414214
823151
793320
74347
150375
73329
138089
732417
824135
123284
67474
754721
732371
270760
240389
356383
530249
506389
642491
615455
125767
588369
219073
565435
534762
245267
145132
59944
17368
613354
148732
839827
373919
919630
810767
672722
580759
970631
895385
519493
587884
409244
84224
205860
96374
389952
798984
617248
453553
679985
429050
645644
204201
682660
150612
634442
631665
532813
160269
823566
146658
844839
936568
848989
422543
456273
237324
483976
196452
433487
645065
46871
505979
111375
508785
274529
745268
522481
472954
799952
913513
196335
157548
286106
337138
663883
230820
59980
444060
532902
200344
690746
117198
193667
735566
715618
753307
66136
334596
595537
189950
157208
362585
901581
505536
570540
354286
188867
686841
220284
722084
623167
970645
307280
237841
267508
448536
193816
423035
934940
769867
360004
691458
793029
943675
275654
137529
830158
918130
104343
59647
720001
591498
200396
646856
248094
717184
835593
884859
78223
496854
385869
295470
443797
75096
357656
830224
910447
921754
512886
780136
451511
236564
538006
854985
757074
973379
862727
127232
962183
273376
984377
870837
113103
238802
995618
335155
447023
629852
998778
471314
52109
931442
412763
806421
701458
666000
282090
8326
119924
127590
473858
819105
946824
650058
617538
529398
895450
144244
223846
438312
536698
827032
738116
412514
840588
251127
821360
501025
932861
740458
538299
334891
264485
772844
315333
298103
749036
789868
243742
572463
365892
868157
366497
421992
408761
892120
958818
59536
852987
209708
629130
639865
938018
813494
277636
950631
151100
51769
328556
908336
511697
580982
959786
470627
111287
581389
436424
178702
485167
701995
579817
661090
967840
874140
176058
816471
564121
951739
702639
388407
681956
294220
236390
770610
191373
344457
437019
810486
401107
151926
455366
864545
713653
307536
186910
841227
993058
643402
671764
793830
290526
879959
13207
474887
446119
358415
689262
927417
305892
360644
675891
21968
241106
297440
133205
115836
198563
802844
411361
997130
39985
428558
497652
754702
551702
501763
271426
227250
637841
158019
177181
469174
452257
355850
713182
765368
47215
913126
798224
473126
222260
174566
675653
195240
235694
75379
309688
825104
122657
827878
378802
996207
388945
914005
542997
322185
149564
289224
879476
216864
761211
283460
96469
51140
885882
723641
847940
514831
275686
444427
442121
614398
129337
129594
329509
177156
515880
143935
671435
765777
855103
89923
365806
478091
857149
233295
90602
536171
558069
941046
993260
249186
675469
422190
108356
420245
583113
978346
461457
874332
918354
386104
2048
326396
910619
82566
205124
566196
527801
103956
314406
468794
881552
601562
210080
774775
67184
461331
361725
991193
716926
575243
238644
61371
37798
451852
775821
206513
686272
822371
401852
791613
928981
223008
109033
104584
767527
823689
608003
955294
555710
962786
42976
924608
187184
770708
431734
48683
148497
901202
724320
726730
806337
351556
711709
156353
802991
633054
607273
40207
356156
456521
255577
519154
124780
670350
897465
610030
114559
395647
636953
838699
196133
735135
83401
73191
541056
951637
173421
365216
503068
373062
94624
706336
603128
240440
678023
843602
575123
777377
707302
614036
148435
497434
414732
649587
663440
81599
528793
120961
248046
735409
373392
586072
554971
795283
809686
414871
170455
953969
934419
150429
732630
152110
732759
561482
668769
571511
658682
176845
85361
993204
177657
489239
224573
619798
422070
658744
465241
227002
805963
527359
719896
417223
535344
992775
147396
626736
999037
139791
632484
657944
287197
715917
413521
872866
120551
637225
989973
941955
604439
45717
792309
784102
425488
98604
608898
16760
293869
569999
200574
187553
330370
165826
572868
179774
426094
544020
731098
879449
928742
444170
911449
137465
410390
606651
491154
508421
524019
828782
263834
447760
949716
346918
958304
175980
913617
934074
5576
393712
907412
236819
554610
672656
291094
677641
209030
496893
280372
91347
330200
953547
738536
961424
255323
116447
683079
718784
772022
728764
887543
572625
853299
149677
731630
29255
519089
940525
774897
979107
904295
129188
341102
377047
452906
868997
597722
213338
401343
210338
78355
328599
972354
73810
137086
646735
549664
745374
142983
752914
76204
95753
371696
869597
220580
451034
509775
487132
244278
231435
108959
507152
750012
970322
162616
702388
396396
764905
835700
682102
280382
322142
151003
762986
631982
981678
600554
725617
259355
417149
942671
820992
568610
405897
422089
856629
531304
942055
74739
541729
309933
817231
851175
85991
845444
701166
848805
407502
457764
704408
104775
141823
547577
432876
256649
756665
278535
250357
29848
315093
872383
107608
749954
775240
101800
717150
690471
737053
867745
518955
491749
397167
492956
435711
966251
116768
275357
184095
849146
562576
673684
76851
745624
170723
673414
171807
716727
782227
645489
112464
334129
279800
243893
691962
122624
303533
861917
196734
141140
681924
127733
816939
844967
304826
192280
170409
462977
35719
874841
630878
935459
995748
870473
990529
492527
161895
253584
367424
836851
181668
172846
736448
477722
918061
41483
281197
210063
514431
467043
840857
9479
558295
126520
748860
584814
987805
214176
592110
518057
623220
35261
299217
76149
87800
682502
784271
963658
361842
120004
73606
615259
658494
879165
955642
976117
432441
443116
381911
843829
355598
855789
966608
516582
139153
815437
335659
623336
220805
778962
467728
777646
129123
2125
214055
3417
785053
412672
104207
444572
173378
811298
550838
807900
920504
726663
615115
846296
79822
165800
6762
530820
462543
232660
739957
823326
8620
28327
353430
526394
981192
262417
524875
509449
650218
769071
5730
520030
365464
580283
961910
499623
430432
195664
190629
127458
837177
494635
285179
637139
279750
947161
817070
154987
760719
257547
523690
418621
534061
113553
44355
735300
185474
901905
318523
314162
764623
625591
857124
990925
808423
95543
592942
914316
538835
122436
532090
427414
995757
265548
31563
424307
475647
315636
356639
742981
414701
182853
242467
199263
569665
305725
490493
98868
932415
15612
586087
982437
172011
218955
681372
317796
402028
456790
941097
356075
862018
772026
775522
289823
530092
809505
593959
975625
564260
223728
853343
381741
687043
424743
794694
515041
485109
780575
275577
222304
374677
364255
192831
119392
829944
571160
187622
316225
831461
160337
719189
116196
564391
674830
607866
135072
102801
176864
832504
963532
598625
841466
172712
834907
122865
926454
18433
954021
781838
158369
154875
345570
794511
557420
990038
253444
114457
427936
456942
90630
458605
941635
799964
834723
732468
932573
61383
892931
789479
178129
643481
438697
390900
431975
865643
886845
163928
596203
649354
753342
476840
233890
741708
66657
651304
966537
672268
991903
248710
348594
348372
170410
178613
397294
587351
637194
944908
331627
22623
391886
260516
835953
650446
117412
798772
981858
252510
435788
752152
632460
899829
327352
239895
315137
899299
994250
178482
518219
829734
317164
303183
231102
563328
704905
451554
333287
867287
147609
824659
597252
582039
414062
307423
146617
493132
1118
91107
37140
438257
952296
377324
370000
608697
665241
310374
31362
851235
405199
131987
505915
272000
741688
972010
331645
474229
977743
115005
230026
269158
211278
566149
184671
909502
454403
528543
515323
164337
379268
966535
917037
372058
980314
618806
850351
877067
96982
397251
264947
867962
303618
117617
529263
855919
608922
910053
417628
486917
706291
567483
293700
92128
958974
234414
314877
4111
442257
947820
726650
263274
128693
6291
925307
482091
849950
972533
619212
883721
131660
598456
790577
288931
644018
365195
108292
159525
805706
445828
868218
605265
879330
210425
816787
653256
688364
135947
333018
905616
804812
259654
257341
625717
841077
545879
903262
77520
31191
383528
172372
356859
69429
165442
892181
995113
644998
182601
369068
435560
966577
282670
747180
248345
981457
275420
331598
286846
765748
246751
375113
904743
780969
483970
182330
918086
762444
900247
878292
101980
548961
976104
646739
235127
848818
532470
63656
194818
16465
49578
24409
450186
423228
393126
935120
147214
808967
93621
417550
853250
642953
178826
363213
945895
681830
929545
182131
911180
393248
896064
525249
681633
403169
361148
182643
800781
831752
60972
284497
875575
499676
821622
283948
680774
381817
730777
667620
653069
326244
63857
836666
54324
661218
507046
904798
382412
988754
264761
145482
827515
620906
216177
118725
347380
350150
660624
644993
277891
511375
805675
462777
303425
535146
51225
820781
369333
478867
560292
369038
778661
849996
452476
869529
188040
825594
464093
119488
989713
492650
465688
931358
990924
460298
924661
315964
127281
55984
325488
173480
618252
866813
892027
107826
242756
751772
197756
717514
778795
491739
936113
90748
687174
71112
367589
619516
679992
451450
905622
16448
263710
250712
379989
810966
907109
499013
737883
611324
366306
245828
229154
30951
586025
594812
183013
122337
550411
637494
40214
219128
871462
461938
233947
512437
266625
637089
402503
431405
40285
467007
24966
430780
28028
413862
497516
613797
721717
66611
392124
923255
55189
751534
488457
536484
232416
72734
616782
912549
933081
621406
689402
895896
981872
940134
995660
969636
764694
426769
920940
875898
853297
696055
68114
23957
112641
214137
221111
736195
688004
592663
204565
454832
133733
803167
612769
52547
954211
285316
269357
768115
119110
523050
752398
705976
653609
131890
769979
725169
941596
393481
421027
462736
41790
728373
193741
267724
419013
121169
430111
76551
384690
404535
189942
207355
39773
179175
24004
936997
302192
915431
747863
692186
281130
409441
362906
671263
541735
141303
269128
836532
365271
707264
170384
966203
651201
208007
686465
153999
599346
588324
933739
237
816784
594378
541396
526016
48322
601103
323726
787457
599881
400245
789173
700673
53656
160941
212604
381033
890681
834592
168171
704324
655495
599292
244463
326109
709609
744294
72927
554861
79060
151059
543842
342397
846490
226079
570737
795111
848386
332675
673795
344746
644960
355731
391113
385108
634598
130693
284846
866181
308459
267318
917604
736320
655797
409054
496806
329520
888051
420711
833937
820979
940582
909608
590689
49999
674324
398568
578894
627262
872423
509159
423199
659354
864525
57211
316431
975024
833289
708616
688010
280141
443756
75339
866514
578108
834507
299423
74270
74523
78953
116684
322656
85347
307615
426451
978597
27982
705571
162516
590380
837564
280430
292950
103830
476439
352933
415663
460941
370763
110726
80977
342472
226378
257316
158386
594540
410341
787409
113037
4336
300147
431416
548521
695212
841791
691623
263242
74602
82132
395316
893984
380758
308168
943267
608392
908562
762085
508876
110529
224248
290158
963889
723087
533634
878725
41711
321159
618447
691600
278329
956688
295868
73109
97886
150993
981779
622101
968988
436157
22583
740532
582450
221609
404755
143893
930707
943134
741784
909082
376029
497949
393405
541936
387903
145569
666972
847742
877023
949297
788878
675430
374656
21077
569798
43217
84744
358361
363615
807572
427011
557546
18429
247197
817179
644481
704340
241956
985047
674552
761730
981584
923558
891247
773915
720576
561669
494741
433596
798093
227607
463707
903692
680323
793148
604586
777308
975203
32299
116895
727096
619958
198456
146576
330797
185408
351399
741579
807424
641935
490765
853030
482208
786260
556931
823292
454140
867222
609596
596683
323383
299767
482510
881846
832606
427546
825224
266730
330927
342525
427838
795906
384806
889562
176734
267207
209805
315052
375154
352066
247065
272793
462713
522610
632011
724052
782430
569671
341320
663518
131110
53639
628341
400964
632096
587232
83328
639211
64256
132609
53172
526059
112850
193826
194539
642226
772323
830775
250245
495428
459496
260087
650166
565293
321411
904421
87124
616386
581952
780980
459905
337114
832496
801033
298948
134434
829978
661232
420543
358896
324375
94175
668408
543783
288871
628887
174460
759085
92062
489982
408628
515057
506008
872990
687047
634304
558438
957494
837912
56280
349063
901940
693944
225916
220937
960627
510682
238483
816542
807620
54612
973908
853757
900695
914412
180052
542269
724276
367167
223894
818268
841107
222780
18330
761428
446191
793845
931489
306146
222520
852398
174598
187994
728540
721631
95650
660945
280094
264725
361745
141160
723320
729607
104951
591379
642197
189006
727793
396436
678839
231307
376568
977335
760741
51727
523981
535722
121718
500601
146394
498392
802387
498930
876457
406350
71718
389518
835950
731043
285533
809795
931224
799805
276137
81422
674022
837074
440648
482673
124637
967483
740668
468375
457609
56917
896048
960375
16990
511970
731989
759089
882949
568003
265338
622692
777938
279452
260275
457724
400936
509399
114824
100062
600297
187889
525755
846935
208943
946360
124811
815121
655345
625500
42473
387191
940800
719987
504938
205654
217632
522993
542613
764394
244508
210172
948997
864845
794737
967297
287746
866602
283408
344155
857002
559091
232024
794087
175192
147359
562629
428165
202375
127027
140120
914596
205509
765409
506978
135629
907632
580886
211367
95611
737174
600651
375259
72800
995319
169330
828150
542636
801211
918859
987192
540220
266526
945846
464463
57265
488983
988055
465894
879642
369349
729417
892986
392737
610927
363316
246442
75727
249249
810684
604013
960160
49375
829447
182376
835916
356454
915405
141787
263481
662832
990649
105639
865049
271728
845594
479093
107126
494733
663364
772515
647834
82477
263210
644747
260649
617719
847014
894202
561816
597790
791367
36015
310170
843232
935741
564398
830620
257124
860252
938921
401296
947085
857601
730162
898423
487105
234537
54074
648261
885066
25571
43831
359566
806357
583704
863293
552440
92419
562518
468048
797865
867102
972694
979196
955439
789867
62358
695923
577810
941475
942693
492305
933132
404316
198851
572232
25639
190517
117516
100415
37947
22443
349955
898616
856296
726882
966328
758346
283687
63305
471177
733619
556845
714362
740258
211927
948185
336351
920823
365161
838015
591977
908316
616078
924984
511668
257762
387104
11686
236071
845036
984530
723503
860308
946607
895804
500146
665209
267912
996975
34494
257141
130567
745167
745116
87302
403611
960124
447136
839550
510725
633626
908210
436576
833567
662477
353611
345067
77552
642464
638418
13764
592740
821263
886970
18227
983799
441899
793489
466009
177848
95169
178825
817501
310401
110480
123081
543947
326689
104663
811334
414422
110714
30948
822745
439953
442426
36471
989780
333180
526415
447032
407542
763851
705360
685540
82592
903514
984102
993612
488286
234391
1405
829430
363251
449226
387994
288709
945824
710668
378207
733256
456749
287213
332501
216478
787556
387767
681914
316434
199663
659556
801201
636742
896751
454469
687022
404993
872134
709040
410663
478131
868126
240736
343175
293602
216406
48895
851363
892823
919378
793248
230896
46963
862798
361867
326361
109055
194788
881644
447811
934058
409078
392143
303006
85175
680979
366870
17291
17297
832530
864469
866679
835865
481663
534369
48400
340079
909320
364650
693108
209438
471599
238441
72677
233916
909848
954904
523943
131733
177940
53830
413199
550095
468990
638865
196485
767183
822524
490649
284703
994345
792703
867507
421898
414063
549745
340015
730804
355891
526879
373544
435534
694993
643419
942921
115444
340423
141926
133410
425983
238956
750508
901082
76260
439909
985265
841722
461890
963166
872672
905947
599714
162465
788088
857854
306975
346728
294529
537803
803638
141438
380539
173698
12123
330529
553673
520240
603536
666885
95062
754033
233501
173562
910465
114324
172304
983978
99
608471
26565
111868
346626
635500
318251
972054
420219
757882
291847
751793
92679
43365
701275
490334
508368
829536
3575
444043
1596
520273
50040
375427
592663
660126
682097
282862
96206
184564
519031
128688
915899
684568
993003
705711
442300
97378
578296
368203
679259
162761
173407
248756
402799
872101
480246
636771
908940
886176
305764
433678
143633
947466
638316
285128
246047
277164
74994
613906
365820
194438
694396
319892
271962
759952
689430
174077
28939
588504
540023
803274
389228
229028
429683
520122
662501
860966
9854
818352
869419
60454
701331
67744
104080
161230
449005
609524
778426
940295
71050
785671
615412
486768
406796
196759
170182
446222
875460
744852
396152
444525
572963
399783
663897
561734
657719
957207
613088
236017
661480
145712
938102
882335
367175
623286
357414
245450
512183
717462
122195
993145
369574
495335
533630
501575
808416
232006
667156
346956
790640
921884
383416
269414
136510
454461
260151
67805
481421
725783
83627
58721
679731
69513
804026
245473
736039
665281
662250
671373
712060
578140
512132
160175
113915
180334
523303
399556
659123
463393
648755
289547
242154
701282
288419
744184
707130
947375
56383
834565
189781
403017
951166
151766
863663
629756
697854
442234
790364
375468
658200
731558
631520
433178
884555
710872
105631
426711
274155
718687
165384
972173
623004
779823
587191
947051
459432
131276
709584
239643
532626
877364
855764
220121
190217
126532
577317
287832
908836
361616
489802
106673
79003
938322
212443
356415
270168
324804
239847
822579
470421
190033
570035
924972
466367
473865
912320
475099
44292
257983
33634
121307
56419
205130
29471
783374
693757
167817
925665
418809
227507
92642
827852
438495
838363
224465
406665
211284
939979
349663
780626
639985
9442
8142
945585
476729
938967
457379
448740
780516
300809
943987
676779
818190
106579
786732
378761
584882
552273
424642
881200
503718
95680
982502
945747
658028
413566
847625
813122
629647
145879
3140
227465
365808
191263
190371
50051
602027
803147
881894
14959
789071
579295
917509
753907
495037
745796
97152
234490
878791
794146
75715
235091
99785
831826
880438
659440
531642
691003
110309
155124
151840
491577
750789
639252
70931
844806
990778
517076
479096
37163
373016
590125
201870
320643
326975
839736
128750
172412
116216
488074
115346
663179
474793
529073
356165
2105
316397
361209
133739
144445
41674
481561
225007
313411
817562
290617
778194
425375
736268
351738
244238
278813
761671
580747
480067
281732
926239
634721
233946
473887
174159
59948
552
366192
37653
752132
343955
989001
765208
105929
166478
121719
567950
468094
922180
220179
855929
267261
673318
750987
291741
311803
820803
361515
410476
134336
829128
126418
639397
585441
378594
272639
102207
617262
392451
334610
283795
955682
818674
684276
983178
876650
84395
135189
971291
172950
621771
25692
140722
635450
513787
637684
435306
412012
333467
640881
696917
850835
99451
689204
778465
188652
224045
427657
9277
789921
346979
302388
493140
586114
247342
68671
762839
459300
930974
985363
672228
422491
789527
574615
950905
771904
81300
948800
456985
236938
384835
609333
766017
771843
656647
438510
685185
985026
590737
69479
721930
560717
850756
672419
57706
157477
106483
548934
150757
215944
533569
609512
346937
925729
302211
203802
135832
645539
383166
295681
974151
779481
69072
702678
414720
22110
590969
873573
764045
617037
387825
984209
447255
861101
968554
726382
224469
480783
833421
721154
884848
563878
655105
152829
984468
820627
366695
194584
219043
662096
121585
982683
92421
686728
355206
821605
462169
961956
423892
793773
627704
584197
994597
841501
631975
714943
984718
806606
915432
822173
160659
852691
196814
669756
110827
525295
331492
284056
944467
157253
346491
381223
426683
333250
95127
359653
344670
878425
720399
326928
610139
363673
47201
632926
164867
20175
417580
260881
880876
768186
544142
165199
974982
217688
476497
950421
719467
221976
884135
768720
500025
867964
745827
371347
294364
822498
932438
458347
213092
142724
691302
41954
967128
287408
172145
729600
124414
437863
720083
304953
542175
699123
132772
139100
383077
655480
73356
833853
264996
570813
366557
891490
788994
527793
435299
813800
534477
853323
604858
742993
388234
379870
561736
49024
624736
848163
317699
97674
251847
690385
512610
437776
747217
985328
369741
881165
895603
647536
218951
812947
279422
993143
767799
938668
120826
71066
2145
367948
940995
414528
240115
882012
724768
574963
385339
182350
337067
376177
33705
111132
706266
244426
104236
944569
789941
839
524413
978388
268764
950026
927685
523444
59670
88219
606263
929540
309749
859767
373674
947781
34946
670557
607654
725879
530906
615196
613454
885313
369005
467616
912310
278776
812457
358394
566037
390146
636142
548021
32356
138017
557353
734855
99858
399499
479947
857451
25774
530627
856542
963398
80537
380592
43961
594546
937065
689172
129433
126200
411820
524378
681787
580475
191608
958356
351877
652204
577277
299148
344182
16826
429296
657862
884486
249774
726238
159113
440766
757977
417758
391701
177386
811066
894140
991186
731660
898913
499782
621885
432959
161840
162968
150724
667531
629552
406499
348759
211722
436470
822504
228944
293798
626953
291379
651637
293861
801806
102249
340535
877137
409286
372469
302153
492620
991514
118030
430647
619832
870396
442026
926777
289534
630126
867813
208739
481233
703232
969076
551074
858852
310964
647372
610665
511666
770481
536273
809413
732266
502781
679189
76667
647676
62364
274190
525544
984426
660597
638439
95621
624775
189111
112253
647886
888684
173689
83292
932949
893557
947202
610726
91010
893895
441354
696629
988151
672222
908043
743789
333150
987001
705100
519968
272073
937202
848323
177294
414307
841384
174335
884486
570833
642156
27064
478747
451787
11226
209750
317758
847196
437490
748172
334469
497055
553175
555202
840154
352019
864340
145072
40491
589630
285581
733107
766492
201850
564275
177717
391892
755555
972683
905771
568397
314409
265445
771333
797222
850951
217761
255380
951461
622937
609379
190712
411208
883174
397556
969424
88260
34017
956215
308773
671022
937201
260071
742344
114331
204684
337298
553233
25047
593836
514964
557123
576411
587549
240503
471464
843143
994418
423135
619559
857141
899235
222011
914947
787721
580101
380178
138887
305387
203190
55940
964559
925947
281852
677222
523755
990866
527379
450349
324972
486206
316258
990817
255275
672733
876723
756814
360595
61711
629424
769089
908638
905755
681094
728873
568522
654891
469713
304274
60536
571331
980518
6007
165634
604565
630038
530727
599011
737455
510277
336798
859016
563042
918494
591159
297960
880854
310628
272230
90645
826510
920798
170212
617676
182604
496981
360833
89122
290634
516466
840049
576240
391478
257025
749915
805674
761783
545104
524527
546436
127592
421761
555159
924158
982641
587996
18190
169128
64104
83469
392038
529991
756878
772836
885917
151516
438282
219978
719142
648453
382981
440303
907176
878949
467850
202403
988043
701879
125640
194612
35123
107944
971002
179963
518628
904873
991647
582127
852204
688218
420964
45673
235465
760477
951589
915113
509985
867799
683525
100406
112585
889653
989215
627182
213644
806018
903763
454215
112541
183644
392753
104431
582418
401560
572261
325944
495870
74585
330786
496837
240361
17524
113275
102585
668100
518992
634768
473229
694792
753378
706896
588187
123849
678410
752187
669961
873318
287925
23586
846462
892485
351800
987251
989434
972729
693846
533734
627612
791400
96565
581115
747391
175361
346422
799607
229382
497224
268908
847420
78022
186116
895603
273805
757524
801206
378546
436593
171745
652724
999977
852074
698907
759509
571554
621498
567295
876968
103229
617760
865407
961503
430167
946980
589592
857765
511362
786871
919012
238536
24931
962081
103293
395056
233060
610300
407612
96421
224275
764394
246336
415369
279801
625157
492506
283988
893122
725348
41459
550868
274327
89089
542790
116196
258625
21810
571125
949268
747048
247599
416135
236836
298285
549636
695938
964783
150328
216906
923188
322815
903786
985568
485360
865647
230847
709082
877796
875956
459672
447382
316251
905319
387453
684571
932462
391871
802908
338107
19360
654336
975313
892820
864156
45750
669218
51753
899752
660837
763634
950749
732408
823063
69568
574539
173162
381597
638372
279715
464640
966743
825570
61206
454484
630659
144593
937090
568698
74487
711998
54467
871840
573288
575093
482249
381727
698044
105904
472114
16388
687853
23724
489679
908676
613000
128155
244033
528200
989826
68178
243284
59316
326001
6288
400414
631360
807537
803254
968914
189151
700083
993608
101356
442837
668773
952035
807038
485993
15634
922175
289044
338786
31117
988256
41057
183082
64465
831022
185638
739308
213689
955415
469226
265692
296242
188972
261411
757805
408686
823244
824463
29808
172480
564958
411102
729991
904473
852151
894093
700944
153644
685074
48071
373015
241181
795669
297917
90081
387846
778048
738442
158365
930452
344297
512981
894880
960716
810538
256806
213462
547899
299192
11012
506815
918480
649103
676106
481476
194321
617015
923429
280779
265347
107487
557377
185170
658678
485497
607623
635469
687362
897713
875511
401021
35921
723282
661552
297267
469840
737836
379215
404838
914038
608624
47289
843796
588071
457078
960036
844005
470249
709616
256280
475105
384503
676775
300847
831569
83618
648164
90176
344222
852709
779812
421872
285276
93054
707267
971381
58427
672812
317115
839489
71575
743075
106915
133802
870969
493172
83258
775666
176198
918111
438740
925936
786864
131825
832851
596350
109158
338435
699690
74783
792708
29133
366226
719944
182030
923628
831347
710456
978925
568563
146323
435909
751108
170771
617976
970175
56433
892278
387051
750968
185807
92697
388775
159820
844554
198085
614463
448812
486386
850353
682569
789546
718868
205130
850296
235976
120097
590996
213995
638990
782787
411928
228811
921441
577860
658752
746405
64227
407286
251824
722865
426663
686619
340013
537207
256840
495250
393879
797320
568027
98300
390316
203096
686757
720738
450389
958831
79712
15265
965269
805331
447959
650165
743281
745142
988613
491514
477986
70495
145845
732579
591948
419737
856578
333275
937608
408240
895952
42309
41249
660883
906253
638558
300697
37705
279136
452807
430360
948392
975443
197575
534876
424280
778133
426869
293102
381489
550906
848322
708718
680111
330628
759052
407581
150524
466806
17953
571343
130685
914581
442315
765077
461402
909145
502504
781883
76457
329994
148306
308256
260418
458871
969642
600111
87600
561404
689633
810434
707997
444606
551881
497384
573636
599721
477098
566457
66764
293262
724425
28101
487318
165098
632794
232162
748997
656298
55088
868382
267666
237206
575615
915199
732063
91184
217487
394272
703429
562094
143535
19437
590823
671440
270970
144325
237490
40296
309620
555855
798007
449910
235362
358962
806754
301431
98289
331521
747295
719894
875034
931093
155800
136117
918472
842428
694332
671123
350159
181464
196355
118498
505922
156506
707296
305356
934431
961347
897423
398645
955661
422570
948151
632309
481257
188167
69825
579117
466656
971109
360105
45033
346009
367136
211682
972802
506245
38407
392977
773
145522
483061
291379
544716
445114
749191
799522
156825
748268
349057
207166
69096
5454
69860
204807
839419
646161
865131
11072
424087
812767
377132
18809
610144
834681
343966
327524
141055
47144
716173
717191
910016
929258
79793
693202
545440
101813
144208
458582
176238
167520
314119
615381
728701
931882
475400
82370
346689
272884
193308
207394
40980
241420
981314
884048
752827
516602
1733
864192
869232
481527
154341
825013
353728
691646
993037
488513
988020
679233
534935
321163
762497
726816
677545
575502
656347
713369
860388
2661
127486
217926
889888
666180
141485
833707
694158
555914
21283
38462
866797
417774
628488
682268
620864
582757
899998
674138
97538
346875
908535
793964
980127
101402
688856
484910
925726
681433
951913
706388
621249
360260
61819
237958
997627
541995
999224
646505
965884
846579
859824
393050
878911
350862
957648
207678
544144
463736
112084
840291
245063
961886
77138
268312
654088
456741
984949
293673
644013
531291
761653
912878
165658
580014
91267
282290
616803
240023
43912
118197
342809
761262
703553
15110
650844
246893
293494
533110
656755
11733
430478
275594
343596
459355
719056
399114
453768
239692
637707
552084
147394
494717
986616
38634
897023
427172
188317
708272
6705
281401
35991
637459
586293
199504
98483
27269
607831
237482
816881
636840
628389
221218
7621
252343
118189
770744
343107
910431
149748
754463
918892
721698
790438
213976
663150
551568
329426
309047
731593
23274
36749
738786
404611
868566
426156
750852
374736
763621
368755
957465
245354
626540
717039
223030
839308
63947
223905
202255
687375
589964
593720
161057
689735
101600
393482
10511
406560
191096
372500
214695
816828
558291
732617
194355
6285
731019
234666
893194
867851
963672
182979
90144
839562
8391
929817
500155
626290
490753
144906
564399
7630
888847
852197
789713
410296
78892
380329
866356
383851
745938
671413
511494
354193
901828
199629
773751
326297
463710
314237
768719
627643
481160
85012
690200
753587
61215
547345
425680
433388
120827
339736
341431
443199
139436
765972
374740
62302
61161
318296
943173
856781
375321
515489
132362
307255
844990
744102
165798
966638
97837
398896
372269
224534
102648
2983
342714
473812
579778
654774
178076
860501
916863
380880
684397
361616
550030
192217
641123
280828
494272
439731
271011
614974
142885
229758
880121
12975
634441
514655
619902
887376
830226
638580
813470
142432
500095
434221
490043
258379
230429
436324
618307
717473
830221
85548
737754
826821
565746
827982
867801
54701
476241
720221
31254
403344
346209
536152
806894
802057
612575
996257
111542
523893
20563
282148
144310
463401
918142
734934
558850
851848
632111
826335
940880
236434
841798
390121
394147
728605
319084
787719
273134
31310
843246
578489
887705
691032
673084
434006
13237
832878
529526
403440
778039
274400
900360
687571
361290
551559
917333
369838
244959
486243
456111
269822
350655
515701
152919
96782
376236
237740
107544
196840
684625
728043
656543
239047
97064
502887
511515
18234
764503
352964
849036
406393
174695
353785
711906
843917
476487
297489
743847
754402
749515
414641
313060
889296
676162
962822
17039
306981
953332
914558
672815
160578
752757
39206
82056
476728
239135
82054
213063
220277
77089
554038
717237
924224
844732
162114
491655
826332
115883
804263
886350
675526
494119
859333
692614
578378
548087
335058
463976
265937
232613
207332
954093
87992
45292
554556
686176
847028
252088
674352
837782
198346
458005
877771
826688
486020
15268
741158
328423
551776
252677
372282
78319
98897
805012
294506
974909
784036
758410
745991
691218
544557
26886
591280
433672
378282
514983
821151
126588
806720
439713
634231
548855
528895
197367
386531
912595
446460
429249
531927
468001
125032
829780
517535
895916
362591
852720
164312
73716
44447
453962
771669
420042
237184
230510
797731
906456
408746
70716
980963
137457
873322
499286
719703
342233
879240
721120
179149
273997
580835
712669
212470
319166
613543
712480
721595
389659
823930
63831
741069
625929
976713
880577
916431
359113
922056
153948
146563
953991
741942
34556
984286
714339
102445
264611
264532
947354
435658
588236
934331
537834
991926
107880
960322
555737
554383
833602
786065
447912
407750
66548
874945
280683
738197
134810
521508
610423
314316
681452
855666
278465
500436
774289
307983
971946
977277
580968
106631
438281
844002
769675
284765
740143
104037
554621
162360
339066
38865
944815
883962
552426
810960
792456
936498
728641
701388
15868
1969
926709
220365
875190
727749
364397
199005
468357
625341
685255
782170
903914
719927
924482
486238
271158
529085
158815
896251
24797
643209
578857
937511
720956
349771
688363
802248
239334
764412
762238
615225
371722
316324
371712
751300
120357
88381
341332
108783
971860
939820
675985
165310
650417
852676
394104
948272
16898
572901
593124
744695
48657
114984
708704
524520
757803
522493
414131
85711
696357
347604
431362
253693
594136
698269
894027
931964
122692
721191
896477
315663
561562
10864
535125
656143
1943
49327
571802
790112
55462
24428
315171
170792
677858
75272
629377
392172
717106
118091
515357
841466
495799
98633
168136
832165
40798
9320
542856
124043
128938
872969
918619
563374
756162
756003
63547
738708
359412
548014
537240
952837
463382
25391
594640
94807
662438
440469
694904
124118
104942
162183
791517
299683
553107
975190
858478
387004
908128
500024
675221
589147
873606
980323
569995
207952
826179
382455
556824
798937
126740
994510
968778
621081
941840
277584
870911
668015
251891
577023
435699
858248
298968
674519
983970
276231
2612
81568
858680
570996
627395
244702
692490
571430
107532
62659
892805
624638
514485
817886
875290
377986
760167
362918
234058
859855
905063
474738
790463
464967
492757
597222
967669
832378
97160
347155
771694
933285
954368
815540
786374
468831
377644
416623
868335
391525
446317
290787
386791
876975
291929
46761
441142
841553
768096
768077
72149
138229
939661
756883
946095
181237
761710
417003
837578
728653
824201
172134
194105
467259
685987
222894
781967
47107
279521
316571
414267
625069
141432
738723
166754
266043
206928
864078
2262
749039
795789
735952
766900
330154
838156
388237
413809
280351
318845
653804
710221
818109
791191
947511
243793
125710
320763
200118
655749
420149
472855
933042
372832
189381
116886
465897
445951
649915
135127
83826
484510
348507
325674
849283
591678
649532
788464
555185
716018
648772
781908
757117
799126
911630
706466
723458
325175
858213
126788
666840
654472
635082
97012
228285
849219
738777
607954
215185
251835
345001
713451
16134
9588
906083
636475
979201
249485
74091
545306
249796
728513
439087
683484
206414
28267
79004
260167
234399
275645
520166
947311
374352
898545
41455
174870
742250
381097
669106
349117
647743
134143
454076
226126
174199
546083
574390
935195
289435
349627
489880
768379
164162
160471
223722
435596
353340
699295
953908
19950
352853
578546
696253
769124
806513
350548
904637
176123
5723
339629
599880
380766
283448
709753
756414
321889
451563
345682
295995
328775
841222
510531
878492
641769
310292
184293
477403
433006
44438
335467
905905
508153
114025
522926
36621
626107
330777
865364
628833
119959
503672
806339
719570
231403
814878
541914
487899
550943
83591
117998
335491
633370
370651
821541
927958
149705
801512
984132
234385
860604
62533
699481
556589
735252
60381
353269
864152
894475
697848
588016
383271
977283
659649
132621
901522
890996
706512
684755
191246
259063
569317
395845
150827
809733
943869
645788
301808
412225
132037
645865
853957
318156
135675
508938
327579
236310
28899
154441
389084
586837
805308
547907
176024
425571
442559
117698
18477
325613
814211
880883
603107
716130
551441
281051
911278
353123
64856
694253
808897
58605
1224
626933
809418
947045
971198
617127
86883
263144
500995
286686
683391
167744
766739
278259
559201
534815
231166
45536
435176
183118
745471
49308
315979
491137
811585
865913
85979
475598
307046
3701
462289
452420
841424
860883
323011
88430
658869
921892
548214
502689
577138
502609
746681
841705
534200
465862
258363
477230
288848
731269
779733
964175
572631
230849
987970
11812
434822
817086
430456
147526
234127
172604
110466
229677
17725
800470
622226
574403
614277
838622
913079
712842
219454
295607
603782
712911
155780
472735
164262
245656
956676
647621
957299
172245
41555
675597
159235
698029
963411
471745
819764
36544
102698
897339
843345
442501
545327
605740
932938
109329
980348
105788
945847
757382
694108
353021
396380
16462
836723
558299
198481
717408
419248
402254
235273
528789
240471
752597
575923
307014
488912
503309
498888
422362
89905
673100
848698
660454
762929
588455
823827
679905
136419
341134
110337
283271
232535
340516
846192
115087
88089
657914
370317
652091
263122
696142
792842
413751
609637
231204
251709
506113
317124
130514
13329
833287
706934
382306
285865
756855
644037
354699
625859
709581
200827
791507
192023
664553
620830
164433
913144
968126
101664
535186
96575
239845
964939
353983
810994
400167
362616
71395
406063
795121
899850
656908
753368
550845
193443
661512
309939
578841
12564
787843
920921
334294
816502
622055
969623
617578
52199
147795
378263
214684
113560
311096
508730
424157
426460
877607
173181
661943
15229
793317
27846
302607
40686
421105
690824
148781
147433
794707
813027
277793
509631
725992
590089
753453
266002
293465
711963
362161
929210
969876
13495
375519
151443
761126
597858
468094
456654
347454
378021
476552
657059
8411
742795
175451
520059
346173
999186
381678
930505
664211
334564
51711
254727
229321
154082
879769
872007
83158
137025
245247
390003
681869
726189
476441
652462
431663
814863
348933
670844
501603
184664
260992
675727
224608
359986
945127
708786
446470
922905
354381
855075
511892
929562
229382
22352
243394
556473
881416
961944
32659
208705
499781
693513
982627
397
265361
601372
950577
883728
578600
453469
848865
501751
666656
96248
216212
757824
262993
948422
627438
127080
549642
89419
354692
43079
304809
968865
12182
693224
929740
540223
996469
414089
814559
99038
442793
183631
30146
258391
806005
585981
657246
859201
956217
365032
700806
35887
308123
425121
692188
984994
874002
256153
934706
941304
542839
970110
402864
864081
875537
145050
665503
432775
210840
322134
931303
157182
407761
278992
921647
184358
585356
877714
584264
267379
785319
906528
731263
958267
843057
788689
134526
716698
627910
418023
131980
8275
282626
950768
126111
401474
820598
550689
787381
256616
615920
722259
637549
168276
807763
314494
869831
433870
493180
822969
157041
502460
376652
89238
175975
613610
445109
700890
825799
837962
516335
159856
915446
734765
499747
300314
389046
622753
39264
178227
218637
761252
302714
486590
286781
634193
979146
286103
95284
218232
495493
233071
620854
267600
603327
905826
374971
89392
472411
546563
476419
173951
963998
989826
354927
58932
77110
40883
81005
986610
628994
705237
586084
385747
753534
711127
609465
910055
285312
85201
426602
700231
395664
14268
941789
780001
111281
668820
554063
785840
726213
297707
673456
879440
539517
548997
429254
105668
941522
421290
774153
676024
527103
849118
251504
672210
561330
922813
844306
238767
938633
582342
779727
257677
359985
585206
834921
339404
523915
938796
985138
401816
447458
660849
625993
793551
45191
677975
767097
948030
911897
369027
511337
339964
624236
907008
244539
339523
110665
279175
138374
299679
963723
799527
419933
322849
834980
299891
170654
27745
187378
64327
581386
137604
348961
910028
379998
991320
852798
353255
611028
86739
903276
