554816
559289
537320
466828
447270
307297
633989
794473
648607
11848
544391
221610
654850
819439
832542
943319
235835
115377
923525
298663
727742
755440
802871
507110
413519
107693
508850
905262
13397
498282
126965
293192
805413
12396
485472
520808
844036
228713
783795
811561
357998
144193
474892
929778
262474
822849
619355
582028
746843
154895
949631
571903
344249
840019
12877
717307
558602
69667
994897
965992
913005
399946
890017
539659
826446
219873
987347
708237
42763
837174
943021
372728
183232
205866
645568
513466
173043
825349
937436
773435
27915
910329
395244
645508
940111
488977
351056
392980
988027
768717
675586
989740
414368
295578
462765
539928
750907
436815
66152
3321
