557915
256398
226054
265247
958122
65954
191983
40121
645897
813960
392777
100065
82624
584941
447529
346643
598078
435448
819287
837560
411014
509349
540047
566949
967407
855674
704737
795394
401262
744678
193612
554885
79621
452376
502318
74009
38226
54147
43743
863654
948077
837062
477249
808928
603916
477697
597381
753107
681298
190316
463482
836241
178584
199965
784491
973138
476090
60793
655161
843152
564596
789941
678112
231467
117068
761769
215829
848972
600764
202297
22033
370478
83848
791084
280266
923253
744250
446878
566787
967096
506685
164470
877897
560801
960071
606022
532148
970871
84643
783018
66309
10431
792705
883239
932429
730994
615259
608252
202844
961725
838699
275721
384608
926490
35655
40776
288808
92438
966540
86333
982951
79755
445773
905703
924983
541611
611535
131864
597184
386487
510213
585289
965411
671661
124086
824834
57586
258292
55946
571734
617783
666827
201968
346651
866744
927362
520905
187941
477330
712562
200623
904956
620792
913598
403019
339763
388441
753605
929516
406573
715639
794473
210857
835151
277817
489952
608406
195528
420572
981316
480647
140558
55015
816320
860652
6822
303935
954942
809832
625425
815794
179017
985221
844116
84530
225192
415972
114593
339002
188529
171987
63740
308631
690956
770633
462841
543713
672479
391865
879602
46926
874790
750464
329510
267700
601509
543888
375436
389991
841455
763058
135473
368680
689000
907961
936986
345727
686637
842086
147297
206966
373351
732671
282988
791517
774185
135344
209476
585575
91618
174360
590226
598577
389732
844318
258507
899460
441049
988448
107715
998500
26543
162189
16889
598226
830519
874755
479167
464457
226884
837042
960850
164917
359191
190562
958358
646412
5824
248440
107226
103658
521233
35060
997716
812179
277126
500905
321432
895388
423357
84734
166747
819229
321698
767467
714800
182819
854630
952646
281919
869344
847888
816054
40887
226200
299656
671295
806119
404783
757664
414621
744968
142189
307002
486041
304083
840128
106273
896290
283130
846788
477815
187860
687389
557487
870705
319008
568084
292668
798071
435374
741162
244955
337789
820240
260507
794925
48622
197796
455533
197908
4894
607656
522717
846198
459173
403548
771664
616165
177012
707692
258059
94893
398589
100696
750311
204183
959224
457561
290168
473951
250846
424885
280591
740249
246568
604323
852288
269653
925846
549622
951502
500182
920935
561341
494483
443388
755360
103916
109654
191206
910208
776084
618205
524966
345060
289948
399724
858558
393627
676033
413612
257067
788818
195129
640292
273766
714452
254843
768705
690279
445053
582538
884008
878417
21087
300641
242079
347008
786950
51402
420494
854526
1659
201777
104648
13890
570353
620183
870482
700602
574560
778577
49780
342182
919571
827920
123126
66255
695236
359370
762141
314532
765636
30121
303974
438457
173195
96580
143772
112063
338380
5869
58482
889990
248535
880510
75314
689242
605059
276294
260989
674743
706151
963017
747659
574808
223191
469231
828530
846765
271254
460689
28897
448901
23627
379899
644965
888935
247470
463746
656721
366609
666965
6699
831671
666498
764050
498776
594217
296170
443682
533617
784435
844298
394922
812560
568791
347148
885954
232322
80597
893394
913761
276993
285572
821464
485352
852884
733433
394951
433105
975342
457958
181767
552955
256648
802518
473453
430364
186362
868273
224348
370935
876299
7407
188233
785096
255596
543159
413197
6764
457071
454916
212256
740606
83810
290776
16314
728016
38595
835502
244206
987429
648200
564509
620919
928829
560446
167905
304982
607551
974157
921596
125615
929415
399820
99852
335232
350024
643045
248877
883485
724875
935860
922438
534228
575675
808003
333334
423541
269566
773581
283863
854441
762703
931010
154540
257189
474018
117598
664388
802101
622337
357014
687540
574129
769581
25487
697656
562315
340691
122187
545192
724626
76457
398949
272561
654246
506599
682452
116652
573786
551236
549433
617137
823103
308090
53854
904120
918264
719292
403705
411310
430713
817374
670412
553647
927736
894623
68858
563835
223738
838888
661284
527988
693063
826469
429624
314240
184773
182230
871110
552183
644697
602570
380679
569073
906222
882369
993767
52655
37310
420712
256567
967069
402223
339118
29204
263282
125302
798603
696373
365720
143677
295060
869686
642201
506598
79238
591422
247297
18625
837121
186665
784127
405354
634897
95759
541026
991901
580215
906180
129500
801346
840397
225492
849422
572630
373313
417046
979609
971727
866365
987501
494555
12116
996433
414140
577186
924201
391253
456606
413479
580974
330289
522594
18494
234135
188657
857904
788075
260850
171968
890269
570760
797811
341100
180415
429999
912361
68695
381739
543177
474076
929920
435689
958505
554690
298662
764687
559144
904499
857884
322441
25545
688886
806033
338131
775872
11481
148495
115481
604993
747370
996577
388811
85286
496969
529659
634097
452870
164297
672227
941582
475196
983281
114426
660519
878717
433685
139155
608464
272365
541256
843510
103007
183709
311268
34510
99366
156747
108813
849240
349924
973470
639315
85803
804220
106487
415096
113821
669811
301919
26453
262684
812964
753220
601928
272171
401887
601619
244315
992045
839543
680455
844889
506951
529863
319103
397041
640332
328719
652385
31810
317319
258031
990492
945355
930826
258817
2521
271372
808420
142858
797577
945242
500430
172925
757797
643561
606610
626462
502403
645383
538157
930610
508698
297532
649507
180303
413317
449944
481814
464870
815807
891842
676971
242254
552913
529535
143122
3835
605660
149687
118347
123008
406547
708216
672871
460531
677467
308448
340776
272067
257403
510096
914021
793336
123501
621
480538
521049
1754
770942
70888
492391
202170
942030
173928
345499
404740
290846
555557
436258
990148
485390
540705
475820
947357
936732
931185
218572
300232
227769
149657
945292
671409
316461
996026
769289
30143
415194
481249
299090
90672
698774
781054
786789
934654
50155
31874
529010
771011
11083
920983
454805
881353
22359
953042
454914
576905
460859
21358
68954
663977
386104
66246
860851
805247
4553
536882
704639
451884
102943
461535
823884
653503
24375
722233
243273
939809
763368
342212
610496
71307
262490
964722
328980
10729
410370
547300
629448
280539
301518
445626
178252
456986
930289
608848
199718
679357
300525
33315
839349
942719
579650
452581
380391
839533
637254
204686
240115
275959
61899
254091
438517
549465
110693
939535
848242
662541
228373
167047
684009
436678
310321
845752
55291
625568
972792
270091
116741
514769
224941
367494
107111
261288
287913
54549
64746
590733
417961
490388
503594
873391
657146
619907
10277
488623
441746
719129
529571
207008
290547
971350
861517
626057
259444
423190
859734
451987
737070
518517
65805
800739
680164
295826
787599
607924
350437
613886
836849
681861
349561
109568
303541
705194
374179
951875
779905
578639
632972
939077
964366
58954
681675
533435
753310
541954
434482
776508
17209
879221
209520
93553
711428
168631
266899
753398
66047
338248
329538
520687
891359
966677
927363
172909
461449
662634
228813
344106
323022
359794
143342
563611
634432
94563
899775
933736
855985
19452
204530
857563
950982
173355
765137
513698
860313
701652
830443
636353
415879
626638
87697
881838
564768
546864
217026
963187
165060
47539
806968
803051
185816
589148
186189
856206
739617
710079
554142
31063
583950
13757
841853
609215
395179
756085
59408
336767
866777
81211
772931
112001
511033
391008
879265
28227
244658
133140
588235
876967
223012
337560
501297
765910
2685
278185
830081
284526
216495
202001
126269
566178
226057
626226
353169
738733
937266
519763
685878
431538
617875
269106
142058
359091
739472
265792
71280
349778
938899
125651
929933
502382
961269
601570
575434
954273
424559
956512
303079
809646
848418
366384
750536
298183
611273
524099
181572
695117
322322
167195
94041
509016
846007
225913
279817
800218
800024
57027
720882
865712
186733
199929
48937
997774
408923
848986
431818
269249
278117
759853
277888
902765
19781
17446
734516
434632
599364
960401
952553
207352
630778
561753
744675
737644
542446
186846
915152
682215
619397
454570
251650
197271
93459
861963
75908
88768
342631
927857
535494
318464
118334
721635
717104
362186
139440
809668
836772
614873
306781
965038
796039
691519
884089
302286
735324
211892
832973
582774
697745
529650
319062
755246
446878
367498
407047
729568
386178
772127
911461
409458
834667
291443
452580
272801
114677
330217
823150
675572
575867
524105
516141
247676
261233
350422
821789
146833
985877
574170
443619
419668
962158
278310
785475
360848
725680
508375
540187
553258
564640
90326
319548
947930
154552
371778
618677
506231
643148
507180
437143
623279
655752
394562
163498
125451
553414
725029
148404
999935
783310
356485
818392
33534
403793
458522
659986
773469
860374
354347
587311
944085
350877
38535
457189
566905
970308
878528
964417
418924
40456
508216
369853
393127
429511
183296
560460
774685
214648
475944
382503
440131
561546
546211
734911
395958
818880
809225
6804
362414
401589
388705
214117
912485
145413
802940
462820
537157
453744
363281
837101
886207
201774
4082
434964
636693
917453
634679
623769
960460
163953
605686
472815
185747
631105
115744
566377
709294
331117
36403
207152
481470
517393
809921
957523
164444
815529
527370
138965
214588
48812
858024
566381
610533
942016
716141
601268
736894
836741
720998
809915
67235
854044
637755
828523
158274
82903
562799
993285
333406
406503
265695
812675
348600
76798
35925
431476
567804
812688
411428
729153
661190
841009
64163
880498
926655
97629
858885
231049
70575
263108
645240
20477
808856
337353
650725
204916
520349
567617
794510
937707
105881
684100
146098
30362
313790
598896
400392
707694
385068
351306
58138
22386
227329
555365
651065
308530
554612
876221
384699
743349
614445
416608
195986
195178
258464
714301
393450
326840
267994
694926
980983
22827
39597
1523
726064
954008
5187
958738
375308
443979
100602
10014
133805
382926
68969
2376
101617
141757
517386
236215
38582
548711
489780
639855
285595
687292
505759
427526
812372
894221
119382
58762
583402
940383
695223
553503
495741
184757
725650
274379
794557
154343
553395
740536
93379
470426
125286
910423
692682
230582
943081
418167
339552
278582
131780
636265
599484
387706
154514
322203
958962
867886
26827
602512
168296
250076
399920
121748
683679
17327
19633
581693
883152
675273
822060
175526
762900
21910
765548
484109
53096
494013
610875
217291
661596
661517
812733
892305
876572
7817
472516
652478
188203
371225
47989
847301
319283
86196
969844
826807
361969
687776
629678
295659
908196
677045
233016
231890
34236
52533
254035
976621
306148
491218
835109
211875
530729
869980
147081
417984
953876
960752
874532
830997
414934
258614
272412
250598
191281
12765
65927
769483
570282
905560
587488
32728
335845
833707
770463
314622
124117
616331
415747
725377
288444
47886
926628
322400
655942
21430
468536
848068
935298
780676
148073
413279
435380
398065
898985
488375
174093
218856
756224
751395
329709
296233
827812
308366
540337
761841
123022
841976
695933
799695
499048
617530
52304
468989
223799
305527
589940
943661
852144
694915
598411
680713
347837
66007
92248
796531
186058
871165
46966
910332
850080
88658
499238
480738
379488
301412
994168
472931
679545
703709
465989
165047
279130
229313
934321
959334
703407
972606
800182
682937
294736
552830
112307
737670
82805
943748
812751
961859
546424
593892
812146
869242
603909
77212
135902
308583
319115
740858
504609
495818
172827
389595
266090
240540
575494
304582
509571
954430
650326
306204
631477
961788
154854
615990
225088
750007
680417
552253
723105
29981
670801
377803
434444
497942
174547
34898
918758
266496
904098
747668
462091
169331
52486
981738
797441
193312
209274
369317
710477
146879
405176
659950
128777
500397
23816
135063
19563
523222
158154
219987
123513
699564
890228
194317
538350
854042
455690
93587
460098
597884
491601
8688
794213
384818
695620
815713
902475
915899
814299
769388
273488
639405
552050
577024
321074
993979
455253
676894
298998
209063
587113
489828
180605
377564
635830
802812
906610
627174
318267
846462
292680
159730
722611
901300
252304
653887
32896
999488
518964
332082
912064
192686
328969
570361
345696
343016
612269
707788
524667
406351
216023
730478
970920
680169
882814
672130
475209
763300
837908
814564
331171
910199
284689
450271
597690
578932
441411
810152
208195
729423
31711
601985
391362
65143
281579
544300
742019
377259
122856
102263
139401
427573
415210
299889
215328
763421
130257
545205
226000
474163
992981
455324
482270
867751
791908
89084
473517
613132
884587
455042
170403
159540
234296
669088
76753
182360
249126
220703
590460
330334
832160
380863
48461
859121
312932
888808
459496
804415
973405
139245
868566
417590
826997
151719
629340
394583
812047
43872
698694
724764
203203
890023
418598
408130
440378
930697
147822
447899
752702
585543
689640
205014
597287
712364
401101
829897
168159
200956
524029
331544
292058
256103
140302
514077
578151
77609
405531
306848
226308
544128
528307
16500
924494
613874
742011
307975
160459
184720
512524
872802
329802
210946
283404
186604
158043
696492
346142
355255
453715
396876
557147
101908
111110
40272
400806
182148
656970
319451
929501
926955
680785
266937
637004
917641
654790
460258
265124
669757
417584
715346
105163
197472
7045
344793
981085
396822
2446
92824
275884
993477
10865
477753
178675
20725
761784
569167
37986
335191
361152
220073
839150
20017
269583
795500
887350
158856
373274
962552
322494
619390
266880
532755
965731
994824
85255
25815
630018
903054
772229
837819
216749
843091
204832
597968
84310
502849
815957
880078
226720
344498
821702
575266
856800
965646
666541
492918
989004
724345
884416
857106
940264
751639
892443
587122
931121
177932
944060
492212
644140
834114
398364
23345
288321
841891
954839
624873
364029
574413
479953
200854
355881
734055
932689
789968
858128
162115
726170
974824
346797
282658
157139
141552
981099
232371
418867
628602
968637
429586
855103
642883
973224
234301
128230
785066
464682
231485
57263
573893
753439
936609
529086
492598
389867
602514
296426
818571
111430
114471
366000
419484
579156
543960
571881
122406
157864
358763
125042
845482
397029
533809
944839
942881
118381
546579
520494
553439
977395
103009
534771
489654
56272
433499
418061
166583
734185
102630
965103
384960
547503
971842
21362
344647
246236
377635
491586
361902
152464
502712
472047
964098
935692
115041
485818
55724
889918
330964
173888
874041
898382
70949
226261
312593
510851
753494
729774
215194
676683
238064
980323
299124
999194
264743
510753
439269
16014
782099
919582
366613
256856
54710
543154
193433
805974
131034
270629
3668
966858
119601
926684
195086
979569
399555
805970
255666
117621
299945
285735
744244
363536
323768
316538
961779
787177
536828
79815
221530
66994
629660
569592
638557
570039
467082
403978
943359
801145
45863
747847
746414
542582
803137
993674
560707
923507
734811
780141
753889
87229
715276
601166
239581
425300
745818
881243
668567
788127
594724
426759
660658
886934
317963
636701
223709
113600
386644
767208
260502
822838
798253
343529
457169
860106
482321
270207
402517
444829
117968
840000
618983
228350
971167
716796
807914
338968
583260
265947
302758
299119
36104
538888
218254
33417
144505
674585
972148
162133
869932
707045
374708
921526
613117
270420
197161
520571
959631
275877
375575
928722
940953
49046
658003
620189
60552
440476
135594
275415
293179
182806
402022
993197
930172
673124
968634
133116
367310
761427
270615
365888
299517
750573
19681
991469
926631
803104
563707
933964
44849
680451
456027
662547
663128
47226
442612
277455
260990
321647
823330
471002
676288
912154
231623
697414
417459
252373
642393
764257
491271
512856
425950
4473
660533
229588
538256
820148
965894
121973
598702
673657
388712
551801
808844
619541
266219
579399
688933
369904
219944
376786
109072
969988
965459
827842
470375
297427
748115
688271
678162
274480
743734
133537
917006
355676
335839
845893
374903
343983
829999
181803
644350
909496
537849
561940
676569
183521
593474
778425
420166
327580
776600
8479
111841
186348
436178
769834
952610
192415
351974
83277
531782
544866
160871
71140
424209
868166
428074
910411
834800
989021
136202
44558
250679
565527
913033
865542
731924
539666
909019
408773
306945
476517
583882
912117
962537
674004
250084
296987
438982
241673
915929
133798
333315
537567
623445
475960
970118
44954
10219
761272
280151
470004
813944
644613
839933
701617
804084
559644
471996
777729
284318
749853
953288
845364
667111
177858
351839
351814
994247
301051
536631
366847
378781
905441
82498
904674
606423
912830
754329
14920
31060
887655
53312
660091
702097
613810
199719
318040
898030
700121
564636
732836
557230
640101
612804
139201
813975
16660
297228
468726
438583
850037
548381
250437
476036
467079
696886
973040
841653
8665
273145
631744
467754
893060
858907
269146
842985
614359
219903
457358
197730
149842
522205
292829
69083
321876
725102
318890
76464
108613
149790
397262
999628
172966
802185
646340
322608
998730
451944
379985
172178
508636
190090
924846
827525
542534
902510
623496
457622
740084
618102
379236
148776
943381
382556
247870
719675
727119
479945
704850
20483
354216
691519
678494
853562
457135
936367
897934
556214
513489
546123
482845
186740
493400
802449
432366
877498
382854
550008
392798
181995
278689
318460
427115
270045
903092
944260
949784
32838
879389
822232
755782
358480
474332
553297
644822
821385
289846
846290
290382
623136
405594
304346
496324
948083
846670
673091
173994
256212
944574
941938
897926
61900
782399
391465
180655
575297
800869
358811
19005
705048
170789
272574
274130
383683
835001
717406
893589
884848
204361
68579
223576
695338
167069
528062
230932
45591
818073
895154
514304
624859
676854
959937
413514
721600
532116
933715
902305
803267
579802
765713
541796
33550
521614
361645
543010
52797
301052
440023
845428
707228
364373
173644
479744
707265
973589
75363
572839
857968
598594
383101
474260
841310
650847
961414
482882
152245
89078
147728
245972
861240
355753
836190
497396
323991
877594
392086
468031
878484
980964
777738
929289
253406
507153
245112
64949
88549
957661
821572
311011
444836
550525
993876
789239
580050
391725
730807
48103
63263
284539
992292
83212
422786
701782
805298
550738
442524
693562
289927
885925
788215
778018
784404
42264
370106
806045
609441
857085
805792
988869
769089
346032
36358
213749
42785
478530
103548
452305
95207
655924
530860
219057
715846
846027
246532
97447
932644
184565
377230
449239
300111
102047
336080
536053
203138
344644
50775
518556
996957
987081
644421
964375
29444
860529
156349
461646
987635
591959
772907
943363
15804
943289
346018
463734
225027
162574
759534
268403
185593
109441
828874
490209
404229
96289
889696
303854
698052
180173
100522
789891
239364
861513
582107
701101
191940
608065
171469
312137
903925
253408
916745
606433
438271
899608
435894
65251
830544
333855
495153
911598
676947
325275
727145
559864
814400
556148
465082
281618
867471
820417
519778
829158
675167
809567
693199
330539
580534
349959
175507
454396
650944
480625
17121
354506
575982
683143
506037
752381
367289
146202
192667
794003
619514
908089
298020
883235
153941
896320
982689
497270
190929
449975
873252
290705
516412
921931
432622
814960
623611
564986
542636
151515
208690
94401
509425
377723
189953
2553
433842
958510
982270
824814
833979
58295
979904
54331
313068
282699
581317
972928
703080
604768
47945
62023
50395
271823
914505
366183
482176
914014
935827
406229
428968
721861
741898
649237
519917
214713
400740
544104
922130
624871
532975
205375
443760
4259
673048
779949
809335
397659
428540
250242
318426
98961
934020
918017
63898
736326
368337
899174
27783
958401
757925
40712
479593
71096
596852
607281
674775
539073
489049
384204
630922
550352
884584
776229
392347
60917
740710
752755
180878
195837
10983
651024
527410
948783
597928
495971
426824
694096
667852
37765
590041
342213
808690
665809
408436
927350
764527
288981
353062
263234
639655
572292
863904
52740
904265
859262
197634
852849
763068
86031
645632
934064
243356
978193
257960
764253
569818
883385
885340
819111
617022
6088
692650
746292
834675
912952
118222
92429
901792
201420
571091
780172
838934
188659
324101
428435
932479
798367
439995
960583
492326
921646
297526
968537
274980
7989
846913
827881
771309
115913
554201
267493
850208
267288
926238
843499
697723
78574
497056
54596
685528
591962
707659
617221
801191
808988
115901
493393
376765
693900
922754
811165
858825
12840
883049
55425
130118
701876
477847
24827
330265
160971
576195
729317
768209
723064
378892
589957
880071
306151
582913
432899
340795
760307
672406
781270
570343
439969
699566
7111
83142
868833
745757
256625
624032
732608
831539
725675
834272
526909
896853
887316
149810
285884
871560
323131
132846
587608
422386
641158
893016
696580
657755
329996
534765
836200
199099
158233
530446
940032
267062
833971
249287
262739
610474
675993
835928
538650
110031
694463
23497
941948
586119
611354
526508
588384
450627
65217
683703
503449
785933
806083
9987
818467
109184
661372
412339
852489
910002
975518
470808
402372
105033
943625
399708
456138
948834
737267
340076
258239
392168
234061
961876
333139
953792
524873
690000
591167
112215
722732
208785
910245
822959
746188
418503
370572
765643
312510
330643
637412
587330
912399
724744
240073
744205
458555
934174
852286
77859
38510
392757
692032
338707
430671
53884
482000
460296
569098
907124
755974
123456
487611
451465
795663
263780
950713
58731
732282
609261
13862
342969
320141
945868
218950
451227
655492
584678
183390
260162
339959
948098
449073
815154
647128
51095
439894
460248
60710
579463
847702
74246
203960
494300
652823
524214
417311
440656
758447
231597
582596
983926
628276
945281
138688
106287
477103
521115
744331
731731
482878
990375
872559
48463
725604
403335
91537
109688
628398
319673
862310
821697
647984
526370
57757
184715
337488
844618
701436
588689
869921
18805
394830
685077
367410
593744
40867
889899
425806
304999
824812
636305
253176
490894
114710
379803
843794
129928
347647
586868
342798
342894
607244
246865
96536
230763
672010
359498
537976
528477
799263
361693
133235
33372
583358
75610
166184
962467
958913
160332
219707
530077
4263
745308
367721
105839
896860
677306
116532
357794
169021
71320
800626
858486
959412
264289
452402
329586
121708
949906
497559
744455
285194
857057
919536
838880
329717
878776
667137
246145
127262
18366
153040
998918
171857
572545
743926
874671
643935
189526
789646
705088
643721
195577
501793
798297
866346
256117
367281
316753
415885
862651
481859
479808
827148
158317
403951
457189
85082
519202
401023
7629
66132
822263
432762
273587
506740
559855
448026
28471
404413
195240
947737
379421
422086
666692
616341
949212
345084
669955
395391
476845
441549
214047
787068
430139
51076
662322
149627
685832
259460
176516
86985
202390
398416
94478
846023
293319
268902
778153
398315
660288
954704
138903
938664
521851
387557
598815
976978
162739
62660
746638
4131
722682
400219
964596
300946
122748
322561
498060
480098
392381
655791
161883
966385
300547
336351
95323
402651
511457
578868
733048
466921
89162
505231
873749
618586
556415
766885
603847
556436
127017
615084
592918
474952
818331
431259
663871
263012
252443
5523
399973
758274
999
100219
616075
525906
624463
632652
657064
619982
387282
220893
485098
200552
806350
723133
484809
603195
514364
491370
674027
545178
775523
491819
468417
729467
391514
158120
706497
881245
354938
496080
174515
239758
725093
397328
662187
576402
405167
477573
146357
316411
542749
754192
601974
652792
189673
847947
193722
184948
417661
125869
816863
94690
478931
152659
330447
825515
284879
720418
257504
695910
757226
884816
142537
469245
267397
76682
446360
643440
198135
863837
956637
794338
848280
690277
111250
414588
677079
141800
393484
761486
617744
254359
803467
54597
241445
301083
150153
226086
281248
713298
234858
469449
702833
656362
438305
34222
320659
267599
377402
98944
251408
257212
380406
789643
546272
273209
491900
534044
222931
167674
253614
318697
317745
813925
421628
811613
228324
995475
400731
636462
52760
565201
47251
516202
926253
271744
755296
817736
78603
692620
257309
996658
223276
650696
24
971621
905976
145586
409264
530118
369837
197666
236931
370407
934733
642092
424303
260001
52143
575422
699670
526567
179351
671925
991267
373467
646745
648666
350123
947956
522076
960626
536467
287251
791808
366719
316312
601487
792177
240720
601442
772446
740169
251236
44676
707580
511807
509326
446027
783097
118962
595660
755665
573591
647135
187733
462689
674041
963408
644814
645199
209005
727999
911681
505732
255748
699518
370855
629417
714252
595330
424567
566655
670909
382477
548519
158623
835513
508436
475887
828117
301036
873028
236209
512334
819240
357481
365491
978684
753460
179715
253407
146974
445814
739595
833844
569504
902670
547446
411410
251109
823503
119962
843963
734632
873081
127097
968112
183091
558521
475256
293403
954660
798744
472502
771064
375630
427115
568648
718570
163106
967826
300834
243298
665178
722070
50872
232346
539936
191308
664927
506975
666702
65110
215288
258926
537696
972852
876271
716188
995461
208000
777817
212338
4749
730110
742020
922952
229215
419916
348154
177253
830061
782963
463150
347353
840145
576044
473939
181772
577426
482199
179600
112654
528965
307517
605808
777341
879460
742673
535339
468729
635744
993627
779945
271702
407543
7881
962008
823308
11684
301757
502013
694437
945892
488997
217790
678093
108402
61028
411674
46441
839846
370313
344446
242515
228088
854136
666869
320819
478197
695548
866949
698573
576037
471613
571762
186586
524826
704443
978454
255263
90948
103945
137741
580901
666640
481846
769947
127699
167292
140059
719388
815749
615721
73866
225715
705985
266795
267698
440822
734777
901629
437010
442556
686134
577839
337129
857007
422615
356711
533385
606944
422803
339100
406692
802109
418301
823292
785914
911780
935994
499419
211702
329357
502271
770529
261556
732006
868722
573514
243837
164153
811324
885994
353202
394959
825097
790187
659962
861551
273397
748927
707747
66154
133638
852476
96030
180768
158230
37909
294466
747997
790109
130186
699258
511358
477196
406249
493257
244160
466366
713892
24260
217068
986224
595916
775287
40775
188174
65221
146581
622631
130448
247022
466760
321134
697597
406267
537818
771227
714192
540476
212964
544568
243085
740718
216287
900363
951176
470548
802115
906198
909645
895014
769911
60638
220957
19806
19649
954573
295638
320421
895767
564520
382484
492687
777932
679084
614913
3971
935357
16824
378120
762568
283307
969457
306611
961721
532741
704105
527915
818284
154251
676412
521254
670873
220415
752950
360457
621088
65894
241454
707842
905111
489538
537920
928500
905888
854898
303027
680659
313049
664548
572679
968381
353838
550076
107634
635493
826374
493500
878514
990253
103450
788698
954022
327115
449050
697845
518695
133470
285692
106799
109205
330854
376714
922175
807281
219896
674438
261192
202168
860712
619146
109177
3130
349697
244157
37778
265428
145747
62926
13457
591726
19310
457378
480955
4231
18472
414204
523763
592198
267841
617048
906127
729600
745676
424494
216812
803609
388400
607664
313202
861760
86642
223987
416894
761021
461881
576383
682126
774136
36777
365016
970799
200078
201331
263639
651565
570434
574339
67134
317494
622717
620371
601439
207361
947843
732085
329773
147578
743385
184969
152835
294559
202932
916070
374034
21052
922520
59893
190751
451967
777881
383864
457654
708372
790540
469913
981793
135629
551036
886289
976135
733625
133336
411308
980257
553519
406421
980033
480860
106332
454308
603021
192350
153768
205765
358480
962696
978927
443239
177207
261602
130032
370729
749778
810670
693731
97489
738409
251827
867546
104811
218549
552696
633069
177210
570309
261566
728181
953371
487095
88024
499604
431551
373710
3084
542080
229132
91970
29777
330214
816212
741977
166331
736866
567177
652284
573080
841470
65447
29200
381985
798642
154363
868388
372809
35397
448305
225286
521696
263030
135642
801237
727356
656399
937309
427294
322540
951251
704406
12441
895757
407227
491035
43240
455358
175210
31589
866282
866247
898612
969330
848845
521722
275591
307218
971495
143298
911753
566117
385146
245411
304759
139713
245146
805916
778836
179768
243423
436414
831291
833710
604477
969532
447410
696841
989409
500871
524517
478705
588160
4222
63840
621556
456649
809782
564706
202284
328711
42775
403558
872140
687745
330163
126448
972821
263666
944520
606038
285075
560193
376346
366018
936049
868001
14330
669414
76764
343019
682760
36575
311627
921019
159642
789156
192472
574415
839881
913022
936862
344594
967280
211502
610310
4592
178762
881230
854955
36731
847979
103553
980570
889227
50980
832690
761353
856045
250937
858797
372583
719142
98273
31608
545011
904498
117302
387441
175413
530092
501781
780174
851359
536455
342662
978811
185049
133357
995999
105372
889518
428280
584760
927044
169973
187264
995540
354732
40590
310290
722924
419719
695294
822164
414132
752990
750976
17724
843636
959115
899338
95565
169169
139714
716452
357038
120336
591047
917709
833969
962683
51128
940739
136818
171256
564260
485030
397273
316061
812348
773162
515083
586874
553279
95193
543052
687406
521827
672474
858729
576579
358117
834886
878162
850285
407804
521620
869781
849987
78823
12448
913529
334868
855755
204559
768310
212867
155726
162978
926807
707442
126391
990682
179816
128019
604817
917196
707350
439966
967341
749770
17451
736738
574322
950708
640147
848269
313967
410595
817739
93285
36346
147454
708180
390566
794487
981493
544821
96699
196276
232313
395386
325599
902392
165493
320981
286514
162456
96483
396964
325647
867466
246879
683527
348306
591362
961267
939793
535019
983763
41938
815438
624619
7512
439157
322887
931977
271167
414924
512525
529686
168990
141382
192953
992399
517484
347979
301461
645108
732574
904649
610806
645833
328891
541874
388024
152690
728904
859888
491395
656178
202147
244400
512739
280601
432059
632639
358176
722452
123918
475519
883052
539352
737062
672360
632059
814112
213410
691559
238796
255810
656718
480853
910021
903868
32788
55062
483043
879863
566033
283552
582522
316359
608071
665654
585477
593548
431908
106860
518735
135751
364563
16545
500695
108691
297472
500893
884831
881567
322432
891705
998896
51678
958877
892584
247878
388705
230994
530460
874858
423130
845602
23760
711237
774418
288770
993073
786136
829478
873972
590738
732358
311757
107612
662639
824379
849265
909815
137302
114039
618516
402091
943202
494822
395394
275236
716753
924026
478302
916765
574581
626739
801007
926959
846697
415068
347232
287130
867773
545158
864542
203182
726601
224925
421103
474983
717472
215503
5128
797425
481287
367615
696096
269464
276110
930672
495732
493034
532916
18438
398170
19948
874636
95992
101595
906333
162229
218109
745808
553441
633774
135057
287783
784100
765404
542322
542864
161182
170562
521473
767640
352521
635492
315991
286788
938299
166834
260165
8475
567271
681051
157004
654569
936004
15650
261589
279273
397829
853753
282688
663618
315486
476007
935511
713764
443360
197476
555459
109281
262873
407095
315111
974801
149995
455629
565290
242945
741982
654877
542969
955461
454504
981118
115476
508383
302535
615808
92356
38393
951090
924423
964347
627581
780403
886311
231764
551643
627116
275097
561214
708229
442456
94291
131103
361098
152756
285319
891031
296263
44106
566770
882524
600526
158329
523514
716402
170997
820356
385657
967875
395685
747838
599410
567005
999577
783402
809277
250887
795157
45424
726345
807301
221966
413822
506939
468874
620867
352803
347923
804292
842397
727777
772898
666293
975952
492431
276805
234375
770145
689829
606023
186143
731019
878417
861579
924873
486607
850975
708839
788671
917516
238681
703865
723464
573767
479269
740690
606765
874706
186939
73160
956241
904612
264140
592847
438109
537168
515036
166336
790612
565244
365031
540414
929198
781712
218462
485295
687539
834296
613350
675933
185061
935890
113114
40928
605429
962064
350986
190671
699747
778829
616941
360136
478352
603200
797424
351589
838602
965414
181338
246242
940980
745438
64423
45658
552436
321557
548150
996241
972383
221145
30951
134116
756016
467024
12544
389542
244375
593923
536786
316229
731330
935592
224260
215136
3917
292956
215725
921969
571166
393634
956656
765282
716648
769716
753998
161245
668013
134256
870873
728633
779559
510360
950180
497233
451713
482941
230936
53851
391291
64988
514878
433047
312911
126373
279909
249710
135527
71046
407755
85068
652501
426606
176772
810008
178428
881771
711748
285617
266502
962908
969070
181212
931502
894718
402389
319478
521560
548331
797701
968809
29350
516467
832693
77254
783142
24288
9476
70707
943858
761166
685874
793477
159472
236801
736594
128774
345432
204943
48094
866668
987544
415957
209270
281655
571102
448231
452782
814371
906024
449982
406607
159069
443972
946335
633771
736740
18966
747348
296216
414105
655121
637332
996482
243070
617353
161963
905351
300434
89304
553585
556853
450238
717355
379775
467967
124015
948271
19188
714754
24783
59644
762683
451887
519402
149595
665502
898691
344107
86760
428107
194888
230420
549110
956350
396335
182550
372316
785688
149440
723002
156766
233697
230668
68765
227920
286666
896000
696686
6254
953620
109091
463705
336115
663621
805167
367736
187077
774552
489548
541435
64445
983743
654681
146378
807280
76442
194066
282663
436028
839699
41777
468842
3962
228174
114360
165248
482751
588089
901770
44559
239718
586760
216398
35963
257045
692227
709769
558340
87807
217172
539455
274633
255743
67173
340971
384025
501885
877773
184876
512197
222881
929705
371090
684663
998145
792772
745640
261000
378400
66964
644475
803105
498946
258997
758905
649628
183080
622556
905402
281128
315670
74554
922716
36107
920784
438773
119813
442368
66025
988379
315548
334303
387428
844302
823903
650118
510262
831023
378559
624724
491991
166320
109929
623577
934765
830767
705477
569848
459339
542213
583446
562008
976062
595135
879760
992876
36408
412860
374866
433358
556703
162324
425448
862377
508497
198417
79499
629442
61542
148947
395224
133085
761134
226705
830975
44379
71847
228907
393924
81349
714479
219021
611113
690868
535748
330751
345733
611607
781616
584850
150285
52189
168233
770533
760621
576876
14167
115206
94557
199815
274091
989553
647707
620293
761812
461256
403633
737448
520650
161307
987125
48050
675353
460266
867871
835029
322327
261567
941647
94136
454540
116619
171440
504580
956654
430249
83205
556761
876937
750968
11347
106899
342936
820321
579685
489164
442100
263803
447141
279977
253919
400997
616636
216960
708589
290483
279945
533597
593497
383736
681998
997278
251586
203429
613155
68707
901186
385646
572868
886896
867069
535575
699526
151205
522457
460424
284583
143631
68560
361853
743830
